1.540000000000000000e+03 2.178000000000000000e+03 1.250000000000000000e+02
1.509551020408163367e+03 2.147081632653061206e+03 1.473877551020408134e+02
1.479102040816326507e+03 2.116163265306122412e+03 1.697755102040816269e+02
1.448653061224489875e+03 2.085244897959183618e+03 1.921632653061224687e+02
1.418204081632653015e+03 2.054326530612244824e+03 2.145510204081632537e+02
1.387755102040816382e+03 2.023408163265306030e+03 2.369387755102040956e+02
1.357306122448979522e+03 1.992489795918367236e+03 2.593265306122449374e+02
1.326857142857142890e+03 1.961571428571428442e+03 2.817142857142857224e+02
1.296408163265306030e+03 1.930653061224489875e+03 3.041020408163265074e+02
1.265959183673469397e+03 1.899734693877551081e+03 3.264897959183673493e+02
1.235510204081632764e+03 1.868816326530612287e+03 3.488775510204081911e+02
1.205061224489795904e+03 1.837897959183673493e+03 3.712653061224489761e+02
1.174612244897959044e+03 1.806979591836734699e+03 3.936530612244898180e+02
1.144163265306122412e+03 1.776061224489795904e+03 4.160408163265306030e+02
1.113714285714285779e+03 1.745142857142857110e+03 4.384285714285714448e+02
1.083265306122448919e+03 1.714224489795918316e+03 4.608163265306122298e+02
1.052816326530612287e+03 1.683306122448979522e+03 4.832040816326530717e+02
1.022367346938775540e+03 1.652387755102040956e+03 5.055918367346939135e+02
9.919183673469387941e+02 1.621469387755102161e+03 5.279795918367346985e+02
9.614693877551020478e+02 1.590551020408163367e+03 5.503673469387755404e+02
9.310204081632653015e+02 1.559632653061224573e+03 5.727551020408163822e+02
9.005714285714285552e+02 1.528714285714285779e+03 5.951428571428571104e+02
8.701224489795918089e+02 1.497795918367346985e+03 6.175306122448979522e+02
8.396734693877550626e+02 1.466877551020408191e+03 6.399183673469387941e+02
8.092244897959183163e+02 1.435959183673469397e+03 6.623061224489796359e+02
7.787755102040815700e+02 1.405040816326530603e+03 6.846938775510204778e+02
7.483265306122448237e+02 1.374122448979591809e+03 7.070816326530612059e+02
7.178775510204081911e+02 1.343204081632653015e+03 7.294693877551020478e+02
6.874285714285714448e+02 1.312285714285714221e+03 7.518571428571428896e+02
6.569795918367346985e+02 1.281367346938775427e+03 7.742448979591837315e+02
6.265306122448979522e+02 1.250448979591836633e+03 7.966326530612244596e+02
5.960816326530612059e+02 1.219530612244897839e+03 8.190204081632653015e+02
5.656326530612244596e+02 1.188612244897959044e+03 8.414081632653061433e+02
5.351836734693877133e+02 1.157693877551020250e+03 8.637959183673469852e+02
5.047346938775510807e+02 1.126775510204081684e+03 8.861836734693878270e+02
4.742857142857142208e+02 1.095857142857142890e+03 9.085714285714285552e+02
4.438367346938775881e+02 1.064938775510204096e+03 9.309591836734693970e+02
4.133877551020407282e+02 1.034020408163265301e+03 9.533469387755102389e+02
3.829387755102040956e+02 1.003102040816326507e+03 9.757346938775510807e+02
3.524897959183672356e+02 9.721836734693877133e+02 9.981224489795918089e+02
3.220408163265306030e+02 9.412653061224489193e+02 1.020510204081632651e+03
2.915918367346937430e+02 9.103469387755101252e+02 1.042897959183673493e+03
2.611428571428571104e+02 8.794285714285713311e+02 1.065285714285714221e+03
2.306938775510204778e+02 8.485102040816325371e+02 1.087673469387755176e+03
2.002448979591836178e+02 8.175918367346937430e+02 1.110061224489795904e+03
1.697959183673469852e+02 7.866734693877551763e+02 1.132448979591836633e+03
1.393469387755101252e+02 7.557551020408163822e+02 1.154836734693877588e+03
1.088979591836734926e+02 7.248367346938775881e+02 1.177224489795918316e+03
7.844897959183663261e+01 6.939183673469387941e+02 1.199612244897959272e+03
4.800000000000000000e+01 6.630000000000000000e+02 1.222000000000000000e+03
