-4.410000000000000000e+02 9.410000000000000000e+02 1.587000000000000000e+03
-4.644285714285714448e+02 9.200816326530612059e+02 1.558285714285714221e+03
-4.878571428571428328e+02 8.991632653061224119e+02 1.529571428571428669e+03
-5.112857142857142776e+02 8.782448979591836178e+02 1.500857142857142890e+03
-5.347142857142856656e+02 8.573265306122449374e+02 1.472142857142857110e+03
-5.581428571428571104e+02 8.364081632653061433e+02 1.443428571428571331e+03
-5.815714285714285552e+02 8.154897959183673493e+02 1.414714285714285779e+03
-6.050000000000000000e+02 7.945714285714285552e+02 1.386000000000000000e+03
-6.284285714285714448e+02 7.736530612244897611e+02 1.357285714285714221e+03
-6.518571428571428896e+02 7.527346938775510807e+02 1.328571428571428442e+03
-6.752857142857142208e+02 7.318163265306122867e+02 1.299857142857142890e+03
-6.987142857142857792e+02 7.108979591836734926e+02 1.271142857142857110e+03
-7.221428571428571104e+02 6.899795918367346985e+02 1.242428571428571558e+03
-7.455714285714285552e+02 6.690612244897959044e+02 1.213714285714285779e+03
-7.690000000000000000e+02 6.481428571428571104e+02 1.185000000000000000e+03
-7.924285714285713311e+02 6.272244897959183163e+02 1.156285714285714221e+03
-8.158571428571428896e+02 6.063061224489795222e+02 1.127571428571428442e+03
-8.392857142857142208e+02 5.853877551020407282e+02 1.098857142857142890e+03
-8.627142857142856656e+02 5.644693877551020478e+02 1.070142857142857110e+03
-8.861428571428571104e+02 5.435510204081632537e+02 1.041428571428571558e+03
-9.095714285714285552e+02 5.226326530612244596e+02 1.012714285714285666e+03
-9.330000000000000000e+02 5.017142857142857224e+02 9.840000000000000000e+02
-9.564285714285714448e+02 4.807959183673469283e+02 9.552857142857142208e+02
-9.798571428571427759e+02 4.598775510204081343e+02 9.265714285714285552e+02
-1.003285714285714221e+03 4.389591836734693970e+02 8.978571428571428896e+02
-1.026714285714285779e+03 4.180408163265306030e+02 8.691428571428571104e+02
-1.050142857142857110e+03 3.971224489795918089e+02 8.404285714285714448e+02
-1.073571428571428442e+03 3.762040816326530148e+02 8.117142857142856656e+02
-1.097000000000000000e+03 3.552857142857142208e+02 7.830000000000000000e+02
-1.120428571428571331e+03 3.343673469387755404e+02 7.542857142857142208e+02
-1.143857142857142662e+03 3.134489795918367463e+02 7.255714285714285552e+02
-1.167285714285714221e+03 2.925306122448979522e+02 6.968571428571427759e+02
-1.190714285714285779e+03 2.716122448979591582e+02 6.681428571428571104e+02
-1.214142857142857110e+03 2.506938775510203641e+02 6.394285714285714448e+02
-1.237571428571428442e+03 2.297755102040815700e+02 6.107142857142856656e+02
-1.261000000000000000e+03 2.088571428571427759e+02 5.820000000000000000e+02
-1.284428571428571331e+03 1.879387755102040956e+02 5.532857142857142208e+02
-1.307857142857142662e+03 1.670204081632653015e+02 5.245714285714284415e+02
-1.331285714285714221e+03 1.461020408163265074e+02 4.958571428571428896e+02
-1.354714285714285779e+03 1.251836734693877133e+02 4.671428571428571104e+02
-1.378142857142857110e+03 1.042653061224489193e+02 4.384285714285713311e+02
-1.401571428571428442e+03 8.334693877551012520e+01 4.097142857142857792e+02
-1.425000000000000000e+03 6.242857142857144481e+01 3.810000000000000000e+02
-1.448428571428571331e+03 4.151020408163265074e+01 3.522857142857142208e+02
-1.471857142857142890e+03 2.059183673469385667e+01 3.235714285714284415e+02
-1.495285714285714221e+03 -3.265306122449374016e-01 2.948571428571428896e+02
-1.518714285714285552e+03 -2.124489795918373147e+01 2.661428571428571104e+02
-1.542142857142857110e+03 -4.216326530612252554e+01 2.374285714285713311e+02
-1.565571428571428442e+03 -6.308163265306120593e+01 2.087142857142857792e+02
-1.589000000000000000e+03 -8.400000000000000000e+01 1.800000000000000000e+02
