-1.056000000000000000e+03 1.755000000000000000e+03 2.610000000000000000e+02
-1.030040816326530603e+03 1.716734693877551081e+03 2.863265306122448806e+02
-1.004081632653061206e+03 1.678469387755102161e+03 3.116530612244898180e+02
-9.781224489795918089e+02 1.640204081632653015e+03 3.369795918367346985e+02
-9.521632653061224119e+02 1.601938775510204096e+03 3.623061224489795791e+02
-9.262040816326530148e+02 1.563673469387755176e+03 3.876326530612244596e+02
-9.002448979591836178e+02 1.525408163265306030e+03 4.129591836734693970e+02
-8.742857142857143344e+02 1.487142857142857110e+03 4.382857142857142776e+02
-8.483265306122449374e+02 1.448877551020408191e+03 4.636122448979591582e+02
-8.223673469387755404e+02 1.410612244897959272e+03 4.889387755102040956e+02
-7.964081632653061433e+02 1.372346938775510353e+03 5.142653061224489193e+02
-7.704489795918367463e+02 1.334081632653061206e+03 5.395918367346938567e+02
-7.444897959183673493e+02 1.295816326530612287e+03 5.649183673469387941e+02
-7.185306122448979522e+02 1.257551020408163367e+03 5.902448979591836178e+02
-6.925714285714286689e+02 1.219285714285714221e+03 6.155714285714285552e+02
-6.666122448979592718e+02 1.181020408163265301e+03 6.408979591836734926e+02
-6.406530612244898748e+02 1.142755102040816382e+03 6.662244897959183163e+02
-6.146938775510204778e+02 1.104489795918367463e+03 6.915510204081632537e+02
-5.887346938775510807e+02 1.066224489795918544e+03 7.168775510204081911e+02
-5.627755102040816837e+02 1.027959183673469397e+03 7.422040816326530148e+02
-5.368163265306122867e+02 9.896938775510204778e+02 7.675306122448979522e+02
-5.108571428571428896e+02 9.514285714285715585e+02 7.928571428571428896e+02
-4.848979591836734926e+02 9.131632653061225255e+02 8.181836734693877133e+02
-4.589387755102040956e+02 8.748979591836734926e+02 8.435102040816326507e+02
-4.329795918367346985e+02 8.366326530612245733e+02 8.688367346938775881e+02
-4.070204081632653015e+02 7.983673469387756541e+02 8.941632653061224119e+02
-3.810612244897959044e+02 7.601020408163266211e+02 9.194897959183673493e+02
-3.551020408163266211e+02 7.218367346938775881e+02 9.448163265306122867e+02
-3.291428571428572241e+02 6.835714285714286689e+02 9.701428571428571104e+02
-3.031836734693878270e+02 6.453061224489797496e+02 9.954693877551020478e+02
-2.772244897959184300e+02 6.070408163265306030e+02 1.020795918367346985e+03
-2.512653061224490330e+02 5.687755102040816837e+02 1.046122448979591809e+03
-2.253061224489796359e+02 5.305102040816327644e+02 1.071448979591836633e+03
-1.993469387755102389e+02 4.922448979591838452e+02 1.096775510204081684e+03
-1.733877551020408418e+02 4.539795918367349259e+02 1.122102040816326507e+03
-1.474285714285714448e+02 4.157142857142857792e+02 1.147428571428571558e+03
-1.214693877551020478e+02 3.774489795918368600e+02 1.172755102040816382e+03
-9.551020408163265074e+01 3.391836734693879407e+02 1.198081632653061206e+03
-6.955102040816336739e+01 3.009183673469387941e+02 1.223408163265306030e+03
-4.359183673469397036e+01 2.626530612244898748e+02 1.248734693877551081e+03
-1.763265306122457332e+01 2.243877551020409555e+02 1.274061224489795904e+03
8.326530612244823715e+00 1.861224489795920363e+02 1.299387755102040728e+03
3.428571428571422075e+01 1.478571428571431170e+02 1.324714285714285779e+03
6.024489795918361779e+01 1.095918367346939704e+02 1.350040816326530603e+03
8.620408163265301482e+01 7.132653061224505109e+01 1.375367346938775427e+03
1.121632653061224119e+02 3.306122448979613182e+01 1.400693877551020478e+03
1.381224489795918089e+02 -5.204081632653014822e+00 1.426020408163265301e+03
1.640816326530612059e+02 -4.346938775510193409e+01 1.451346938775510125e+03
1.900408163265306030e+02 -8.173469387755085336e+01 1.476673469387755176e+03
2.160000000000000000e+02 -1.200000000000000000e+02 1.502000000000000000e+03
