-1.032000000000000000e+03 1.402000000000000000e+03 9.170000000000000000e+02
-1.007816326530612287e+03 1.377591836734693970e+03 8.960204081632653015e+02
-9.836326530612244596e+02 1.353183673469387713e+03 8.750408163265306030e+02
-9.594489795918367463e+02 1.328775510204081684e+03 8.540612244897959044e+02
-9.352653061224489193e+02 1.304367346938775427e+03 8.330816326530612059e+02
-9.110816326530612059e+02 1.279959183673469397e+03 8.121020408163265074e+02
-8.868979591836734926e+02 1.255551020408163367e+03 7.911224489795918089e+02
-8.627142857142857792e+02 1.231142857142857110e+03 7.701428571428571104e+02
-8.385306122448979522e+02 1.206734693877551081e+03 7.491632653061224119e+02
-8.143469387755101252e+02 1.182326530612244824e+03 7.281836734693877133e+02
-7.901632653061224119e+02 1.157918367346938794e+03 7.072040816326530148e+02
-7.659795918367346985e+02 1.133510204081632764e+03 6.862244897959183163e+02
-7.417959183673469852e+02 1.109102040816326507e+03 6.652448979591836178e+02
-7.176122448979591582e+02 1.084693877551020478e+03 6.442653061224489193e+02
-6.934285714285714448e+02 1.060285714285714221e+03 6.232857142857142208e+02
-6.692448979591836178e+02 1.035877551020408191e+03 6.023061224489795222e+02
-6.450612244897959044e+02 1.011469387755102048e+03 5.813265306122448237e+02
-6.208775510204081911e+02 9.870612244897959044e+02 5.603469387755101252e+02
-5.966938775510203641e+02 9.626530612244898748e+02 5.393673469387754267e+02
-5.725102040816326507e+02 9.382448979591836178e+02 5.183877551020407282e+02
-5.483265306122448237e+02 9.138367346938775881e+02 4.974081632653060865e+02
-5.241428571428571104e+02 8.894285714285714448e+02 4.764285714285713880e+02
-4.999591836734693970e+02 8.650204081632653015e+02 4.554489795918366895e+02
-4.757755102040815700e+02 8.406122448979591582e+02 4.344693877551019909e+02
-4.515918367346938567e+02 8.162040816326530148e+02 4.134897959183673493e+02
-4.274081632653061433e+02 7.917959183673469852e+02 3.925102040816326507e+02
-4.032244897959183163e+02 7.673877551020408418e+02 3.715306122448979522e+02
-3.790408163265306030e+02 7.429795918367346985e+02 3.505510204081632537e+02
-3.548571428571428896e+02 7.185714285714285552e+02 3.295714285714285552e+02
-3.306734693877550626e+02 6.941632653061224119e+02 3.085918367346938567e+02
-3.064897959183673493e+02 6.697551020408163822e+02 2.876122448979591582e+02
-2.823061224489795222e+02 6.453469387755102389e+02 2.666326530612244596e+02
-2.581224489795918089e+02 6.209387755102040956e+02 2.456530612244897611e+02
-2.339387755102040956e+02 5.965306122448979522e+02 2.246734693877550626e+02
-2.097551020408162685e+02 5.721224489795918089e+02 2.036938775510203641e+02
-1.855714285714285552e+02 5.477142857142857792e+02 1.827142857142856656e+02
-1.613877551020407282e+02 5.233061224489796359e+02 1.617346938775509670e+02
-1.372040816326530148e+02 4.988979591836734926e+02 1.407551020408162685e+02
-1.130204081632653015e+02 4.744897959183673493e+02 1.197755102040815700e+02
-8.883673469387747446e+01 4.500816326530612059e+02 9.879591836734687149e+01
-6.465306122448976112e+01 4.256734693877551763e+02 7.781632653061217297e+01
-4.046938775510204778e+01 4.012653061224490330e+02 5.683673469387747446e+01
-1.628571428571422075e+01 3.768571428571428896e+02 3.585714285714277594e+01
7.897959183673492589e+00 3.524489795918368600e+02 1.487755102040807742e+01
3.208163265306120593e+01 3.280408163265306030e+02 -6.102040816326621098e+00
5.626530612244891927e+01 3.036326530612245733e+02 -2.708163265306131962e+01
8.044897959183685998e+01 2.792244897959183163e+02 -4.806122448979601813e+01
1.046326530612245733e+02 2.548163265306122867e+02 -6.904081632653071665e+01
1.288163265306122867e+02 2.304081632653060296e+02 -9.002040816326530148e+01
1.530000000000000000e+02 2.060000000000000000e+02 -1.110000000000000000e+02
