1.286000000000000000e+03 3.740000000000000000e+02 -1.120000000000000000e+02
1.252163265306122412e+03 4.018979591836734926e+02 -9.126530612244897611e+01
1.218326530612244824e+03 4.297959183673469283e+02 -7.053061224489795222e+01
1.184489795918367236e+03 4.576938775510204209e+02 -4.979591836734694255e+01
1.150653061224489875e+03 4.855918367346938567e+02 -2.906122448979591866e+01
1.116816326530612287e+03 5.134897959183673493e+02 -8.326530612244894769e+00
1.082979591836734699e+03 5.413877551020408418e+02 1.240816326530611491e+01
1.049142857142857110e+03 5.692857142857142208e+02 3.314285714285713880e+01
1.015306122448979522e+03 5.971836734693877133e+02 5.387755102040816269e+01
9.814693877551020478e+02 6.250816326530612059e+02 7.461224489795918657e+01
9.476326530612244596e+02 6.529795918367346985e+02 9.534693877551021046e+01
9.137959183673469852e+02 6.808775510204081911e+02 1.160816326530612344e+02
8.799591836734693970e+02 7.087755102040816837e+02 1.368163265306122298e+02
8.461224489795918089e+02 7.366734693877550626e+02 1.575510204081632537e+02
8.122857142857142208e+02 7.645714285714285552e+02 1.782857142857142776e+02
7.784489795918366326e+02 7.924693877551019341e+02 1.990204081632653015e+02
7.446122448979591582e+02 8.203673469387754267e+02 2.197551020408163254e+02
7.107755102040815700e+02 8.482653061224489193e+02 2.404897959183673493e+02
6.769387755102040956e+02 8.761632653061224119e+02 2.612244897959183731e+02
6.431020408163265074e+02 9.040612244897959044e+02 2.819591836734693970e+02
6.092653061224489193e+02 9.319591836734693970e+02 3.026938775510204209e+02
5.754285714285714448e+02 9.598571428571427759e+02 3.234285714285714448e+02
5.415918367346938567e+02 9.877551020408162685e+02 3.441632653061224687e+02
5.077551020408162685e+02 1.015653061224489761e+03 3.648979591836734926e+02
4.739183673469387941e+02 1.043551020408163367e+03 3.856326530612244596e+02
4.400816326530612059e+02 1.071448979591836633e+03 4.063673469387755404e+02
4.062448979591836178e+02 1.099346938775510125e+03 4.271020408163265074e+02
3.724081632653060296e+02 1.127244897959183618e+03 4.478367346938775881e+02
3.385714285714285552e+02 1.155142857142857110e+03 4.685714285714285552e+02
3.047346938775509670e+02 1.183040816326530603e+03 4.893061224489796359e+02
2.708979591836733789e+02 1.210938775510203868e+03 5.100408163265306030e+02
2.370612244897959044e+02 1.238836734693877588e+03 5.307755102040816837e+02
2.032244897959183163e+02 1.266734693877550853e+03 5.515102040816326507e+02
1.693877551020407282e+02 1.294632653061224573e+03 5.722448979591836178e+02
1.355510204081631400e+02 1.322530612244897839e+03 5.929795918367346985e+02
1.017142857142855519e+02 1.350428571428571331e+03 6.137142857142856656e+02
6.787755102040819111e+01 1.378326530612244824e+03 6.344489795918367463e+02
3.404081632653060296e+01 1.406224489795918316e+03 6.551836734693877133e+02
2.040816326530148217e-01 1.434122448979591809e+03 6.759183673469387941e+02
-3.363265306122457332e+01 1.462020408163265301e+03 6.966530612244897611e+02
-6.746938775510216146e+01 1.489918367346938794e+03 7.173877551020408418e+02
-1.013061224489797496e+02 1.517816326530612287e+03 7.381224489795918089e+02
-1.351428571428571104e+02 1.545714285714285552e+03 7.588571428571428896e+02
-1.689795918367346985e+02 1.573612244897959044e+03 7.795918367346938567e+02
-2.028163265306122867e+02 1.601510204081632537e+03 8.003265306122449374e+02
-2.366530612244898748e+02 1.629408163265306030e+03 8.210612244897959044e+02
-2.704897959183674629e+02 1.657306122448979522e+03 8.417959183673469852e+02
-3.043265306122450511e+02 1.685204081632653015e+03 8.625306122448979522e+02
-3.381632653061224119e+02 1.713102040816326507e+03 8.832653061224489193e+02
-3.720000000000000000e+02 1.741000000000000000e+03 9.040000000000000000e+02
