-6.500000000000000000e+02 3.050000000000000000e+02 9.840000000000000000e+02
-6.816326530612244596e+02 3.306326530612244596e+02 9.602040816326530148e+02
-7.132653061224489193e+02 3.562653061224489761e+02 9.364081632653061433e+02
-7.448979591836734926e+02 3.818979591836734926e+02 9.126122448979591582e+02
-7.765306122448979522e+02 4.075306122448979522e+02 8.888163265306122867e+02
-8.081632653061224119e+02 4.331632653061224119e+02 8.650204081632653015e+02
-8.397959183673469852e+02 4.587959183673469283e+02 8.412244897959183163e+02
-8.714285714285714448e+02 4.844285714285714448e+02 8.174285714285714448e+02
-9.030612244897959044e+02 5.100612244897959044e+02 7.936326530612244596e+02
-9.346938775510203641e+02 5.356938775510203641e+02 7.698367346938775881e+02
-9.663265306122448237e+02 5.613265306122448237e+02 7.460408163265306030e+02
-9.979591836734693970e+02 5.869591836734693970e+02 7.222448979591836178e+02
-1.029591836734693970e+03 6.125918367346938567e+02 6.984489795918367463e+02
-1.061224489795918316e+03 6.382244897959183163e+02 6.746530612244898748e+02
-1.092857142857142890e+03 6.638571428571428896e+02 6.508571428571428896e+02
-1.124489795918367236e+03 6.894897959183673493e+02 6.270612244897959044e+02
-1.156122448979591809e+03 7.151224489795918089e+02 6.032653061224489193e+02
-1.187755102040816382e+03 7.407551020408162685e+02 5.794693877551020478e+02
-1.219387755102040728e+03 7.663877551020407282e+02 5.556734693877551763e+02
-1.251020408163265301e+03 7.920204081632653015e+02 5.318775510204081911e+02
-1.282653061224489647e+03 8.176530612244897611e+02 5.080816326530612059e+02
-1.314285714285714221e+03 8.432857142857142208e+02 4.842857142857142776e+02
-1.345918367346938794e+03 8.689183673469387941e+02 4.604897959183673493e+02
-1.377551020408163367e+03 8.945510204081632537e+02 4.366938775510203641e+02
-1.409183673469387713e+03 9.201836734693877133e+02 4.128979591836734926e+02
-1.440816326530612059e+03 9.458163265306121730e+02 3.891020408163265074e+02
-1.472448979591836633e+03 9.714489795918366326e+02 3.653061224489796359e+02
-1.504081632653061206e+03 9.970816326530612059e+02 3.415102040816326507e+02
-1.535714285714285779e+03 1.022714285714285666e+03 3.177142857142856656e+02
-1.567346938775510125e+03 1.048346938775510125e+03 2.939183673469387941e+02
-1.598979591836734699e+03 1.073979591836734699e+03 2.701224489795918089e+02
-1.630612244897959044e+03 1.099612244897959044e+03 2.463265306122449374e+02
-1.662244897959183618e+03 1.125244897959183618e+03 2.225306122448979522e+02
-1.693877551020408191e+03 1.150877551020408191e+03 1.987346938775509670e+02
-1.725510204081632537e+03 1.176510204081632537e+03 1.749387755102040956e+02
-1.757142857142857110e+03 1.202142857142857110e+03 1.511428571428571104e+02
-1.788775510204081456e+03 1.227775510204081456e+03 1.273469387755102389e+02
-1.820408163265306030e+03 1.253408163265306030e+03 1.035510204081632537e+02
-1.852040816326530603e+03 1.279040816326530603e+03 7.975510204081626853e+01
-1.883673469387754949e+03 1.304673469387755176e+03 5.595918367346939704e+01
-1.915306122448979522e+03 1.330306122448979522e+03 3.216326530612241186e+01
-1.946938775510204096e+03 1.355938775510204096e+03 8.367346938775540366e+00
-1.978571428571428442e+03 1.381571428571428442e+03 -1.542857142857144481e+01
-2.010204081632653015e+03 1.407204081632653015e+03 -3.922448979591842999e+01
-2.041836734693877588e+03 1.432836734693877588e+03 -6.302040816326530148e+01
-2.073469387755101707e+03 1.458469387755101934e+03 -8.681632653061228666e+01
-2.105102040816326735e+03 1.484102040816326507e+03 -1.106122448979592718e+02
-2.136734693877550853e+03 1.509734693877550853e+03 -1.344081632653060296e+02
-2.168367346938775427e+03 1.535367346938775427e+03 -1.582040816326530148e+02
-2.200000000000000000e+03 1.561000000000000000e+03 -1.820000000000000000e+02
