7.400000000000000000e+01 3.730000000000000000e+02 1.154000000000000000e+03
9.826530612244897611e+01 3.966122448979591582e+02 1.132040816326530603e+03
1.225306122448979522e+02 4.202244897959183731e+02 1.110081632653061206e+03
1.467959183673469283e+02 4.438367346938775313e+02 1.088122448979591809e+03
1.710612244897959044e+02 4.674489795918367463e+02 1.066163265306122412e+03
1.953265306122448806e+02 4.910612244897959044e+02 1.044204081632653015e+03
2.195918367346938851e+02 5.146734693877550626e+02 1.022244897959183618e+03
2.438571428571428612e+02 5.382857142857142208e+02 1.000285714285714334e+03
2.681224489795918089e+02 5.618979591836734926e+02 9.783265306122449374e+02
2.923877551020408418e+02 5.855102040816326507e+02 9.563673469387755404e+02
3.166530612244897611e+02 6.091224489795918089e+02 9.344081632653061433e+02
3.409183673469387941e+02 6.327346938775510807e+02 9.124489795918367463e+02
3.651836734693877702e+02 6.563469387755101252e+02 8.904897959183673493e+02
3.894489795918367463e+02 6.799591836734693970e+02 8.685306122448979522e+02
4.137142857142857224e+02 7.035714285714285552e+02 8.465714285714286689e+02
4.379795918367346985e+02 7.271836734693877133e+02 8.246122448979592718e+02
4.622448979591836746e+02 7.507959183673469852e+02 8.026530612244898748e+02
4.865102040816326507e+02 7.744081632653060296e+02 7.806938775510204778e+02
5.107755102040816269e+02 7.980204081632653015e+02 7.587346938775510807e+02
5.350408163265306030e+02 8.216326530612244596e+02 7.367755102040816837e+02
5.593061224489795222e+02 8.452448979591836178e+02 7.148163265306122867e+02
5.835714285714285552e+02 8.688571428571428896e+02 6.928571428571428896e+02
6.078367346938775881e+02 8.924693877551020478e+02 6.708979591836734926e+02
6.321020408163265074e+02 9.160816326530612059e+02 6.489387755102040956e+02
6.563673469387755404e+02 9.396938775510203641e+02 6.269795918367346985e+02
6.806326530612244596e+02 9.633061224489795222e+02 6.050204081632653015e+02
7.048979591836734926e+02 9.869183673469387941e+02 5.830612244897959044e+02
7.291632653061224119e+02 1.010530612244897952e+03 5.611020408163266211e+02
7.534285714285714448e+02 1.034142857142857110e+03 5.391428571428572241e+02
7.776938775510203641e+02 1.057755102040816382e+03 5.171836734693878270e+02
8.019591836734693970e+02 1.081367346938775427e+03 4.952244897959184300e+02
8.262244897959183163e+02 1.104979591836734699e+03 4.732653061224490330e+02
8.504897959183673493e+02 1.128591836734693970e+03 4.513061224489796359e+02
8.747551020408163822e+02 1.152204081632653015e+03 4.293469387755102389e+02
8.990204081632653015e+02 1.175816326530612059e+03 4.073877551020408418e+02
9.232857142857143344e+02 1.199428571428571558e+03 3.854285714285714448e+02
9.475510204081632537e+02 1.223040816326530603e+03 3.634693877551020478e+02
9.718163265306122867e+02 1.246653061224489647e+03 3.415102040816326507e+02
9.960816326530612059e+02 1.270265306122448919e+03 3.195510204081633674e+02
1.020346938775510239e+03 1.293877551020408191e+03 2.975918367346939704e+02
1.044612244897959044e+03 1.317489795918367236e+03 2.756326530612245733e+02
1.068877551020408191e+03 1.341102040816326507e+03 2.536734693877551763e+02
1.093142857142857110e+03 1.364714285714285779e+03 2.317142857142857792e+02
1.117408163265306030e+03 1.388326530612244824e+03 2.097551020408163822e+02
1.141673469387755176e+03 1.411938775510204096e+03 1.877959183673469852e+02
1.165938775510204096e+03 1.435551020408163140e+03 1.658367346938775881e+02
1.190204081632653015e+03 1.459163265306122412e+03 1.438775510204081911e+02
1.214469387755101934e+03 1.482775510204081684e+03 1.219183673469387941e+02
1.238734693877551081e+03 1.506387755102040728e+03 9.995918367346939704e+01
1.263000000000000000e+03 1.530000000000000000e+03 7.800000000000000000e+01
