1.339000000000000000e+03 4.470000000000000000e+02 -6.150000000000000000e+02
1.304428571428571331e+03 4.747755102040816269e+02 -5.785306122448979522e+02
1.269857142857142890e+03 5.025510204081632537e+02 -5.420612244897959044e+02
1.235285714285714221e+03 5.303265306122449374e+02 -5.055918367346938567e+02
1.200714285714285779e+03 5.581020408163265074e+02 -4.691224489795918089e+02
1.166142857142857110e+03 5.858775510204081911e+02 -4.326530612244897611e+02
1.131571428571428669e+03 6.136530612244898748e+02 -3.961836734693877702e+02
1.097000000000000000e+03 6.414285714285714448e+02 -3.597142857142857224e+02
1.062428571428571558e+03 6.692040816326530148e+02 -3.232448979591836746e+02
1.027857142857142890e+03 6.969795918367346985e+02 -2.867755102040816269e+02
9.932857142857143344e+02 7.247551020408163822e+02 -2.503061224489795791e+02
9.587142857142857792e+02 7.525306122448979522e+02 -2.138367346938775313e+02
9.241428571428571104e+02 7.803061224489796359e+02 -1.773673469387755404e+02
8.895714285714286689e+02 8.080816326530612059e+02 -1.408979591836734926e+02
8.550000000000000000e+02 8.358571428571428896e+02 -1.044285714285714448e+02
8.204285714285714448e+02 8.636326530612245733e+02 -6.795918367346939704e+01
7.858571428571428896e+02 8.914081632653061433e+02 -3.148979591836734926e+01
7.512857142857143344e+02 9.191836734693877133e+02 4.979591836734698518e+00
7.167142857142857792e+02 9.469591836734693970e+02 4.144897959183674629e+01
6.821428571428572241e+02 9.747346938775510807e+02 7.791836734693879407e+01
6.475714285714286689e+02 1.002510204081632651e+03 1.143877551020408418e+02
6.130000000000000000e+02 1.030285714285714221e+03 1.508571428571428896e+02
5.784285714285714448e+02 1.058061224489795904e+03 1.873265306122449374e+02
5.438571428571428896e+02 1.085836734693877588e+03 2.237959183673469852e+02
5.092857142857143344e+02 1.113612244897959272e+03 2.602653061224489193e+02
4.747142857142857792e+02 1.141387755102040956e+03 2.967346938775509670e+02
4.401428571428572241e+02 1.169163265306122412e+03 3.332040816326530148e+02
4.055714285714286689e+02 1.196938775510204096e+03 3.696734693877550626e+02
3.710000000000000000e+02 1.224714285714285779e+03 4.061428571428571104e+02
3.364285714285714448e+02 1.252489795918367236e+03 4.426122448979592718e+02
3.018571428571428896e+02 1.280265306122449147e+03 4.790816326530612059e+02
2.672857142857144481e+02 1.308040816326530603e+03 5.155510204081633674e+02
2.327142857142857792e+02 1.335816326530612287e+03 5.520204081632653015e+02
1.981428571428571104e+02 1.363591836734693970e+03 5.884897959183672356e+02
1.635714285714286689e+02 1.391367346938775427e+03 6.249591836734693970e+02
1.290000000000000000e+02 1.419142857142857338e+03 6.614285714285713311e+02
9.442857142857155850e+01 1.446918367346938794e+03 6.978979591836734926e+02
5.985714285714288962e+01 1.474693877551020478e+03 7.343673469387754267e+02
2.528571428571444812e+01 1.502469387755102161e+03 7.708367346938775881e+02
-9.285714285714220750e+00 1.530244897959183618e+03 8.073061224489795222e+02
-4.385714285714266225e+01 1.558020408163265301e+03 8.437755102040816837e+02
-7.842857142857133113e+01 1.585795918367346985e+03 8.802448979591836178e+02
-1.130000000000000000e+02 1.613571428571428669e+03 9.167142857142857792e+02
-1.475714285714284415e+02 1.641346938775510353e+03 9.531836734693877133e+02
-1.821428571428571104e+02 1.669122448979591809e+03 9.896530612244898748e+02
-2.167142857142855519e+02 1.696897959183673493e+03 1.026122448979591809e+03
-2.512857142857142208e+02 1.724673469387755176e+03 1.062591836734693970e+03
-2.858571428571426623e+02 1.752448979591836860e+03 1.099061224489795904e+03
-3.204285714285713311e+02 1.780224489795918544e+03 1.135530612244897839e+03
-3.550000000000000000e+02 1.808000000000000000e+03 1.172000000000000000e+03
