-1.921000000000000000e+03 1.541000000000000000e+03 -7.240000000000000000e+02
-1.890081632653061206e+03 1.518469387755101934e+03 -6.900816326530612059e+02
-1.859163265306122412e+03 1.495938775510204096e+03 -6.561632653061224119e+02
-1.828244897959183618e+03 1.473408163265306030e+03 -6.222448979591836178e+02
-1.797326530612244824e+03 1.450877551020408191e+03 -5.883265306122449374e+02
-1.766408163265306030e+03 1.428346938775510125e+03 -5.544081632653061433e+02
-1.735489795918367236e+03 1.405816326530612287e+03 -5.204897959183673493e+02
-1.704571428571428442e+03 1.383285714285714221e+03 -4.865714285714285552e+02
-1.673653061224489875e+03 1.360755102040816382e+03 -4.526530612244898180e+02
-1.642734693877551081e+03 1.338224489795918316e+03 -4.187346938775510239e+02
-1.611816326530612287e+03 1.315693877551020478e+03 -3.848163265306122867e+02
-1.580897959183673493e+03 1.293163265306122412e+03 -3.508979591836734926e+02
-1.549979591836734699e+03 1.270632653061224573e+03 -3.169795918367346985e+02
-1.519061224489795904e+03 1.248102040816326507e+03 -2.830612244897959613e+02
-1.488142857142857110e+03 1.225571428571428442e+03 -2.491428571428571672e+02
-1.457224489795918316e+03 1.203040816326530603e+03 -2.152244897959184300e+02
-1.426306122448979522e+03 1.180510204081632764e+03 -1.813061224489796359e+02
-1.395387755102040956e+03 1.157979591836734699e+03 -1.473877551020408418e+02
-1.364469387755102161e+03 1.135448979591836633e+03 -1.134693877551020478e+02
-1.333551020408163367e+03 1.112918367346938794e+03 -7.955102040816336739e+01
-1.302632653061224573e+03 1.090387755102040956e+03 -4.563265306122457332e+01
-1.271714285714285779e+03 1.067857142857142890e+03 -1.171428571428577925e+01
-1.240795918367346985e+03 1.045326530612244824e+03 2.220408163265301482e+01
-1.209877551020408191e+03 1.022795918367346985e+03 5.612244897959180889e+01
-1.178959183673469397e+03 1.000265306122448919e+03 9.004081632653060296e+01
-1.148040816326530603e+03 9.777346938775509670e+02 1.239591836734692833e+02
-1.117122448979591809e+03 9.552040816326530148e+02 1.578775510204080774e+02
-1.086204081632653015e+03 9.326734693877550626e+02 1.917959183673468715e+02
-1.055285714285714221e+03 9.101428571428571104e+02 2.257142857142856656e+02
-1.024367346938775427e+03 8.876122448979591582e+02 2.596326530612244596e+02
-9.934489795918367463e+02 8.650816326530612059e+02 2.935510204081631400e+02
-9.625306122448979522e+02 8.425510204081632537e+02 3.274693877551019341e+02
-9.316122448979591582e+02 8.200204081632653015e+02 3.613877551020407282e+02
-9.006938775510203641e+02 7.974897959183673493e+02 3.953061224489795222e+02
-8.697755102040816837e+02 7.749591836734693970e+02 4.292244897959183163e+02
-8.388571428571428896e+02 7.524285714285714448e+02 4.631428571428571104e+02
-8.079387755102040956e+02 7.298979591836734926e+02 4.970612244897959044e+02
-7.770204081632653015e+02 7.073673469387755404e+02 5.309795918367346985e+02
-7.461020408163265074e+02 6.848367346938775881e+02 5.648979591836732652e+02
-7.151836734693877133e+02 6.623061224489796359e+02 5.988163265306120593e+02
-6.842653061224489193e+02 6.397755102040816837e+02 6.327346938775508534e+02
-6.533469387755101252e+02 6.172448979591836178e+02 6.666530612244896474e+02
-6.224285714285713311e+02 5.947142857142856656e+02 7.005714285714284415e+02
-5.915102040816325371e+02 5.721836734693877133e+02 7.344897959183672356e+02
-5.605918367346937430e+02 5.496530612244897611e+02 7.684081632653060296e+02
-5.296734693877551763e+02 5.271224489795918089e+02 8.023265306122448237e+02
-4.987551020408163822e+02 5.045918367346939704e+02 8.362448979591836178e+02
-4.678367346938775881e+02 4.820612244897959044e+02 8.701632653061224119e+02
-4.369183673469387941e+02 4.595306122448978385e+02 9.040816326530612059e+02
-4.060000000000000000e+02 4.370000000000000000e+02 9.380000000000000000e+02
