-2.043000000000000000e+03 -7.000000000000000000e+01 -5.790000000000000000e+02
-2.018938775510204096e+03 -4.351020408163265074e+01 -5.562857142857143344e+02
-1.994877551020408191e+03 -1.702040816326530859e+01 -5.335714285714285552e+02
-1.970816326530612287e+03 9.469387755102033566e+00 -5.108571428571428896e+02
-1.946755102040816382e+03 3.595918367346938282e+01 -4.881428571428571104e+02
-1.922693877551020478e+03 6.244897959183671787e+01 -4.654285714285714448e+02
-1.898632653061224573e+03 8.893877551020406713e+01 -4.427142857142857224e+02
-1.874571428571428442e+03 1.154285714285714164e+02 -4.200000000000000000e+02
-1.850510204081632764e+03 1.419183673469387656e+02 -3.972857142857142776e+02
-1.826448979591836633e+03 1.684081632653061149e+02 -3.745714285714285552e+02
-1.802387755102040728e+03 1.948979591836734357e+02 -3.518571428571428328e+02
-1.778326530612244824e+03 2.213877551020407850e+02 -3.291428571428571104e+02
-1.754265306122448919e+03 2.478775510204081343e+02 -3.064285714285714448e+02
-1.730204081632653015e+03 2.743673469387754835e+02 -2.837142857142857224e+02
-1.706142857142857110e+03 3.008571428571428328e+02 -2.610000000000000000e+02
-1.682081632653061206e+03 3.273469387755101820e+02 -2.382857142857142776e+02
-1.658020408163265301e+03 3.538367346938775313e+02 -2.155714285714285552e+02
-1.633959183673469397e+03 3.803265306122448806e+02 -1.928571428571428328e+02
-1.609897959183673493e+03 4.068163265306122298e+02 -1.701428571428571104e+02
-1.585836734693877588e+03 4.333061224489795791e+02 -1.474285714285713880e+02
-1.561775510204081684e+03 4.597959183673468715e+02 -1.247142857142856656e+02
-1.537714285714285779e+03 4.862857142857142208e+02 -1.020000000000000000e+02
-1.513653061224489647e+03 5.127755102040815700e+02 -7.928571428571427759e+01
-1.489591836734693970e+03 5.392653061224489193e+02 -5.657142857142855519e+01
-1.465530612244897839e+03 5.657551020408162685e+02 -3.385714285714288962e+01
-1.441469387755102161e+03 5.922448979591836178e+02 -1.114285714285711038e+01
-1.417408163265306030e+03 6.187346938775509670e+02 1.157142857142855519e+01
-1.393346938775510353e+03 6.452244897959183163e+02 3.428571428571433444e+01
-1.369285714285714221e+03 6.717142857142856656e+02 5.700000000000000000e+01
-1.345224489795918316e+03 6.982040816326530148e+02 7.971428571428577925e+01
-1.321163265306122412e+03 7.246938775510203641e+02 1.024285714285714448e+02
-1.297102040816326507e+03 7.511836734693877133e+02 1.251428571428572241e+02
-1.273040816326530603e+03 7.776734693877550626e+02 1.478571428571428896e+02
-1.248979591836734699e+03 8.041632653061224119e+02 1.705714285714285552e+02
-1.224918367346938794e+03 8.306530612244897611e+02 1.932857142857143344e+02
-1.200857142857142890e+03 8.571428571428571104e+02 2.160000000000000000e+02
-1.176795918367346985e+03 8.836326530612244596e+02 2.387142857142857792e+02
-1.152734693877550853e+03 9.101224489795918089e+02 2.614285714285714448e+02
-1.128673469387755176e+03 9.366122448979591582e+02 2.841428571428572241e+02
-1.104612244897959044e+03 9.631020408163265074e+02 3.068571428571428896e+02
-1.080551020408163367e+03 9.895918367346937430e+02 3.295714285714286689e+02
-1.056489795918367236e+03 1.016081632653061206e+03 3.522857142857143344e+02
-1.032428571428571558e+03 1.042571428571428442e+03 3.750000000000000000e+02
-1.008367346938775427e+03 1.069061224489795904e+03 3.977142857142857792e+02
-9.843061224489795222e+02 1.095551020408163140e+03 4.204285714285714448e+02
-9.602448979591836178e+02 1.122040816326530603e+03 4.431428571428572241e+02
-9.361836734693877133e+02 1.148530612244897839e+03 4.658571428571428896e+02
-9.121224489795918089e+02 1.175020408163265301e+03 4.885714285714286689e+02
-8.880612244897959044e+02 1.201510204081632537e+03 5.112857142857142208e+02
-8.640000000000000000e+02 1.228000000000000000e+03 5.340000000000000000e+02
