-2.182000000000000000e+03 9.400000000000000000e+01 -3.690000000000000000e+02
-2.151428571428571558e+03 1.274285714285714306e+02 -3.447959183673469283e+02
-2.120857142857142662e+03 1.608571428571428612e+02 -3.205918367346938567e+02
-2.090285714285714221e+03 1.942857142857142776e+02 -2.963877551020408418e+02
-2.059714285714285779e+03 2.277142857142857224e+02 -2.721836734693877702e+02
-2.029142857142857110e+03 2.611428571428571672e+02 -2.479795918367346985e+02
-1.998571428571428442e+03 2.945714285714285552e+02 -2.237755102040816269e+02
-1.968000000000000000e+03 3.280000000000000000e+02 -1.995714285714285836e+02
-1.937428571428571331e+03 3.614285714285714448e+02 -1.753673469387755119e+02
-1.906857142857142890e+03 3.948571428571428896e+02 -1.511632653061224403e+02
-1.876285714285714221e+03 4.282857142857143344e+02 -1.269591836734693970e+02
-1.845714285714285779e+03 4.617142857142857224e+02 -1.027551020408163254e+02
-1.815142857142857110e+03 4.951428571428571672e+02 -7.855102040816325371e+01
-1.784571428571428442e+03 5.285714285714286689e+02 -5.434693877551018204e+01
-1.754000000000000000e+03 5.620000000000000000e+02 -3.014285714285716722e+01
-1.723428571428571331e+03 5.954285714285714448e+02 -5.938775510204095553e+00
-1.692857142857142890e+03 6.288571428571428896e+02 1.826530612244897611e+01
-1.662285714285714221e+03 6.622857142857143344e+02 4.246938775510204778e+01
-1.631714285714285779e+03 6.957142857142857792e+02 6.667346938775511944e+01
-1.601142857142857110e+03 7.291428571428572241e+02 9.087755102040813426e+01
-1.570571428571428442e+03 7.625714285714286689e+02 1.150816326530612059e+02
-1.540000000000000000e+03 7.960000000000000000e+02 1.392857142857142776e+02
-1.509428571428571558e+03 8.294285714285714448e+02 1.634897959183673493e+02
-1.478857142857142662e+03 8.628571428571428896e+02 1.876938775510203641e+02
-1.448285714285714221e+03 8.962857142857143344e+02 2.118979591836734926e+02
-1.417714285714285779e+03 9.297142857142857792e+02 2.361020408163265074e+02
-1.387142857142857110e+03 9.631428571428572241e+02 2.603061224489796359e+02
-1.356571428571428442e+03 9.965714285714286689e+02 2.845102040816326507e+02
-1.326000000000000000e+03 1.030000000000000000e+03 3.087142857142856656e+02
-1.295428571428571331e+03 1.063428571428571558e+03 3.329183673469387941e+02
-1.264857142857142662e+03 1.096857142857142890e+03 3.571224489795918089e+02
-1.234285714285714221e+03 1.130285714285714448e+03 3.813265306122449374e+02
-1.203714285714285779e+03 1.163714285714285779e+03 4.055306122448979522e+02
-1.173142857142857110e+03 1.197142857142857110e+03 4.297346938775509670e+02
-1.142571428571428442e+03 1.230571428571428669e+03 4.539387755102040956e+02
-1.112000000000000000e+03 1.264000000000000000e+03 4.781428571428571104e+02
-1.081428571428571331e+03 1.297428571428571558e+03 5.023469387755102389e+02
-1.050857142857142890e+03 1.330857142857142890e+03 5.265510204081632537e+02
-1.020285714285714221e+03 1.364285714285714448e+03 5.507551020408162685e+02
-9.897142857142855519e+02 1.397714285714285779e+03 5.749591836734693970e+02
-9.591428571428571104e+02 1.431142857142857338e+03 5.991632653061224119e+02
-9.285714285714284415e+02 1.464571428571428669e+03 6.233673469387755404e+02
-8.980000000000000000e+02 1.498000000000000000e+03 6.475714285714285552e+02
-8.674285714285713311e+02 1.531428571428571558e+03 6.717755102040816837e+02
-8.368571428571428896e+02 1.564857142857142890e+03 6.959795918367346985e+02
-8.062857142857142208e+02 1.598285714285714448e+03 7.201836734693877133e+02
-7.757142857142855519e+02 1.631714285714285779e+03 7.443877551020407282e+02
-7.451428571428571104e+02 1.665142857142857338e+03 7.685918367346939704e+02
-7.145714285714284415e+02 1.698571428571428669e+03 7.927959183673469852e+02
-6.840000000000000000e+02 1.732000000000000000e+03 8.170000000000000000e+02
