2.500000000000000000e+01 2.250000000000000000e+02 3.810000000000000000e+02
-2.204081632653061007e+00 2.524897959183673493e+02 4.047346938775510239e+02
-2.940816326530612201e+01 2.799795918367346985e+02 4.284693877551020478e+02
-5.661224489795918657e+01 3.074693877551020478e+02 4.522040816326530717e+02
-8.381632653061224403e+01 3.349591836734693970e+02 4.759387755102040956e+02
-1.110204081632653015e+02 3.624489795918367463e+02 4.996734693877551194e+02
-1.382244897959183731e+02 3.899387755102040956e+02 5.234081632653061433e+02
-1.654285714285714164e+02 4.174285714285714448e+02 5.471428571428571104e+02
-1.926326530612244881e+02 4.449183673469387941e+02 5.708775510204081911e+02
-2.198367346938775597e+02 4.724081632653061433e+02 5.946122448979591582e+02
-2.470408163265306030e+02 4.998979591836734357e+02 6.183469387755102389e+02
-2.742448979591836746e+02 5.273877551020407282e+02 6.420816326530612059e+02
-3.014489795918367463e+02 5.548775510204081911e+02 6.658163265306122867e+02
-3.286530612244898180e+02 5.823673469387754267e+02 6.895510204081632537e+02
-3.558571428571428328e+02 6.098571428571428896e+02 7.132857142857142208e+02
-3.830612244897959044e+02 6.373469387755101252e+02 7.370204081632653015e+02
-4.102653061224489761e+02 6.648367346938775881e+02 7.607551020408163822e+02
-4.374693877551020478e+02 6.923265306122448237e+02 7.844897959183673493e+02
-4.646734693877551194e+02 7.198163265306122867e+02 8.082244897959183163e+02
-4.918775510204081911e+02 7.473061224489795222e+02 8.319591836734693970e+02
-5.190816326530612059e+02 7.747959183673468715e+02 8.556938775510204778e+02
-5.462857142857143344e+02 8.022857142857142208e+02 8.794285714285714448e+02
-5.734897959183673493e+02 8.297755102040815700e+02 9.031632653061224119e+02
-6.006938775510203641e+02 8.572653061224489193e+02 9.268979591836734926e+02
-6.278979591836734926e+02 8.847551020408162685e+02 9.506326530612244596e+02
-6.551020408163265074e+02 9.122448979591836178e+02 9.743673469387755404e+02
-6.823061224489796359e+02 9.397346938775509670e+02 9.981020408163265074e+02
-7.095102040816326507e+02 9.672244897959183163e+02 1.021836734693877588e+03
-7.367142857142856656e+02 9.947142857142856656e+02 1.045571428571428442e+03
-7.639183673469387941e+02 1.022204081632653015e+03 1.069306122448979750e+03
-7.911224489795918089e+02 1.049693877551020250e+03 1.093040816326530603e+03
-8.183265306122449374e+02 1.077183673469387713e+03 1.116775510204081684e+03
-8.455306122448979522e+02 1.104673469387755176e+03 1.140510204081632764e+03
-8.727346938775509670e+02 1.132163265306122412e+03 1.164244897959183618e+03
-8.999387755102040956e+02 1.159653061224489647e+03 1.187979591836734699e+03
-9.271428571428571104e+02 1.187142857142857110e+03 1.211714285714285779e+03
-9.543469387755102389e+02 1.214632653061224573e+03 1.235448979591836633e+03
-9.815510204081632537e+02 1.242122448979591809e+03 1.259183673469387713e+03
-1.008755102040816382e+03 1.269612244897959044e+03 1.282918367346938794e+03
-1.035959183673469397e+03 1.297102040816326507e+03 1.306653061224489647e+03
-1.063163265306122412e+03 1.324591836734693743e+03 1.330387755102040956e+03
-1.090367346938775427e+03 1.352081632653061206e+03 1.354122448979591809e+03
-1.117571428571428669e+03 1.379571428571428442e+03 1.377857142857142890e+03
-1.144775510204081684e+03 1.407061224489795904e+03 1.401591836734693970e+03
-1.171979591836734699e+03 1.434551020408163140e+03 1.425326530612244824e+03
-1.199183673469387713e+03 1.462040816326530603e+03 1.449061224489795904e+03
-1.226387755102040728e+03 1.489530612244897839e+03 1.472795918367346985e+03
-1.253591836734693970e+03 1.517020408163265301e+03 1.496530612244898066e+03
-1.280795918367346985e+03 1.544510204081632537e+03 1.520265306122448919e+03
-1.308000000000000000e+03 1.572000000000000000e+03 1.544000000000000000e+03
