1.539000000000000000e+03 3.760000000000000000e+02 1.201000000000000000e+03
1.512448979591836633e+03 4.047755102040816269e+02 1.162346938775510125e+03
1.485897959183673493e+03 4.335510204081632537e+02 1.123693877551020478e+03
1.459346938775510125e+03 4.623265306122449374e+02 1.085040816326530603e+03
1.432795918367346985e+03 4.911020408163265074e+02 1.046387755102040728e+03
1.406244897959183618e+03 5.198775510204081911e+02 1.007734693877551081e+03
1.379693877551020478e+03 5.486530612244898748e+02 9.690816326530612059e+02
1.353142857142857110e+03 5.774285714285714448e+02 9.304285714285714448e+02
1.326591836734693970e+03 6.062040816326530148e+02 8.917755102040816837e+02
1.300040816326530603e+03 6.349795918367346985e+02 8.531224489795918089e+02
1.273489795918367236e+03 6.637551020408163822e+02 8.144693877551020478e+02
1.246938775510204096e+03 6.925306122448979522e+02 7.758163265306122867e+02
1.220387755102040956e+03 7.213061224489796359e+02 7.371632653061224119e+02
1.193836734693877588e+03 7.500816326530612059e+02 6.985102040816326507e+02
1.167285714285714221e+03 7.788571428571428896e+02 6.598571428571428896e+02
1.140734693877551081e+03 8.076326530612245733e+02 6.212040816326530148e+02
1.114183673469387713e+03 8.364081632653061433e+02 5.825510204081632537e+02
1.087632653061224573e+03 8.651836734693877133e+02 5.438979591836734926e+02
1.061081632653061206e+03 8.939591836734693970e+02 5.052448979591836178e+02
1.034530612244897839e+03 9.227346938775510807e+02 4.665918367346938567e+02
1.007979591836734699e+03 9.515102040816326507e+02 4.279387755102040956e+02
9.814285714285714448e+02 9.802857142857143344e+02 3.892857142857142208e+02
9.548775510204081911e+02 1.009061224489795904e+03 3.506326530612244596e+02
9.283265306122449374e+02 1.037836734693877588e+03 3.119795918367346985e+02
9.017755102040816837e+02 1.066612244897959272e+03 2.733265306122448237e+02
8.752244897959184300e+02 1.095387755102040956e+03 2.346734693877550626e+02
8.486734693877551763e+02 1.124163265306122412e+03 1.960204081632653015e+02
8.221224489795918089e+02 1.152938775510204096e+03 1.573673469387754267e+02
7.955714285714285552e+02 1.181714285714285779e+03 1.187142857142857792e+02
7.690204081632653015e+02 1.210489795918367236e+03 8.006122448979590445e+01
7.424693877551020478e+02 1.239265306122449147e+03 4.140816326530602964e+01
7.159183673469387941e+02 1.268040816326530603e+03 2.755102040816382214e+00
6.893673469387755404e+02 1.296816326530612287e+03 -3.589795918367349259e+01
6.628163265306122867e+02 1.325591836734693970e+03 -7.455102040816336739e+01
6.362653061224490330e+02 1.354367346938775427e+03 -1.132040816326530148e+02
6.097142857142857792e+02 1.383142857142857338e+03 -1.518571428571428896e+02
5.831632653061225255e+02 1.411918367346938794e+03 -1.905102040816327644e+02
5.566122448979592718e+02 1.440693877551020478e+03 -2.291632653061224119e+02
5.300612244897959044e+02 1.469469387755102161e+03 -2.678163265306122867e+02
5.035102040816327644e+02 1.498244897959183618e+03 -3.064693877551021615e+02
4.769591836734693970e+02 1.527020408163265301e+03 -3.451224489795918089e+02
4.504081632653062570e+02 1.555795918367346985e+03 -3.837755102040816837e+02
4.238571428571428896e+02 1.584571428571428669e+03 -4.224285714285715585e+02
3.973061224489795222e+02 1.613346938775510353e+03 -4.610816326530612059e+02
3.707551020408163822e+02 1.642122448979591809e+03 -4.997346938775510807e+02
3.442040816326530148e+02 1.670897959183673493e+03 -5.383877551020409555e+02
3.176530612244898748e+02 1.699673469387755176e+03 -5.770408163265306030e+02
2.911020408163265074e+02 1.728448979591836860e+03 -6.156938775510204778e+02
2.645510204081633674e+02 1.757224489795918544e+03 -6.543469387755103526e+02
2.380000000000000000e+02 1.786000000000000000e+03 -6.930000000000000000e+02
