-9.580000000000000000e+02 1.508000000000000000e+03 7.150000000000000000e+02
-9.797755102040816837e+02 1.484938775510204096e+03 6.875918367346938567e+02
-1.001551020408163254e+03 1.461877551020408191e+03 6.601836734693877133e+02
-1.023326530612244937e+03 1.438816326530612287e+03 6.327755102040816837e+02
-1.045102040816326507e+03 1.415755102040816382e+03 6.053673469387755404e+02
-1.066877551020408191e+03 1.392693877551020478e+03 5.779591836734693970e+02
-1.088653061224489875e+03 1.369632653061224573e+03 5.505510204081632537e+02
-1.110428571428571558e+03 1.346571428571428442e+03 5.231428571428571104e+02
-1.132204081632653015e+03 1.323510204081632764e+03 4.957346938775510239e+02
-1.153979591836734699e+03 1.300448979591836633e+03 4.683265306122449374e+02
-1.175755102040816382e+03 1.277387755102040728e+03 4.409183673469387941e+02
-1.197530612244898066e+03 1.254326530612244824e+03 4.135102040816326507e+02
-1.219306122448979750e+03 1.231265306122448919e+03 3.861020408163265074e+02
-1.241081632653061206e+03 1.208204081632653015e+03 3.586938775510204209e+02
-1.262857142857142890e+03 1.185142857142857110e+03 3.312857142857142776e+02
-1.284632653061224573e+03 1.162081632653061206e+03 3.038775510204081911e+02
-1.306408163265306030e+03 1.139020408163265301e+03 2.764693877551020478e+02
-1.328183673469387713e+03 1.115959183673469397e+03 2.490612244897959044e+02
-1.349959183673469397e+03 1.092897959183673493e+03 2.216530612244898180e+02
-1.371734693877551081e+03 1.069836734693877588e+03 1.942448979591837315e+02
-1.393510204081632764e+03 1.046775510204081684e+03 1.668367346938775881e+02
-1.415285714285714221e+03 1.023714285714285779e+03 1.394285714285714448e+02
-1.437061224489795904e+03 1.000653061224489761e+03 1.120204081632653015e+02
-1.458836734693877588e+03 9.775918367346938567e+02 8.461224489795915815e+01
-1.480612244897959272e+03 9.545306122448979522e+02 5.720408163265301482e+01
-1.502387755102040956e+03 9.314693877551020478e+02 2.979591836734698518e+01
-1.524163265306122412e+03 9.084081632653061433e+02 2.387755102040841848e+00
-1.545938775510204096e+03 8.853469387755102389e+02 -2.502040816326530148e+01
-1.567714285714285779e+03 8.622857142857142208e+02 -5.242857142857144481e+01
-1.589489795918367236e+03 8.392244897959183163e+02 -7.983673469387758814e+01
-1.611265306122449147e+03 8.161632653061224119e+02 -1.072448979591836178e+02
-1.633040816326530603e+03 7.931020408163265074e+02 -1.346530612244897611e+02
-1.654816326530612287e+03 7.700408163265306030e+02 -1.620612244897959044e+02
-1.676591836734693970e+03 7.469795918367346985e+02 -1.894693877551020478e+02
-1.698367346938775427e+03 7.239183673469387941e+02 -2.168775510204081911e+02
-1.720142857142857338e+03 7.008571428571428896e+02 -2.442857142857142208e+02
-1.741918367346938794e+03 6.777959183673469852e+02 -2.716938775510203641e+02
-1.763693877551020478e+03 6.547346938775509670e+02 -2.991020408163265074e+02
-1.785469387755102161e+03 6.316734693877550626e+02 -3.265102040816325371e+02
-1.807244897959183618e+03 6.086122448979591582e+02 -3.539183673469387941e+02
-1.829020408163265301e+03 5.855510204081632537e+02 -3.813265306122448237e+02
-1.850795918367346985e+03 5.624897959183673493e+02 -4.087346938775510807e+02
-1.872571428571428669e+03 5.394285714285714448e+02 -4.361428571428571104e+02
-1.894346938775510353e+03 5.163673469387755404e+02 -4.635510204081631400e+02
-1.916122448979591809e+03 4.933061224489795222e+02 -4.909591836734693970e+02
-1.937897959183673493e+03 4.702448979591836178e+02 -5.183673469387754267e+02
-1.959673469387755176e+03 4.471836734693877133e+02 -5.457755102040816837e+02
-1.981448979591836633e+03 4.241224489795918089e+02 -5.731836734693877133e+02
-2.003224489795918544e+03 4.010612244897959044e+02 -6.005918367346939704e+02
-2.025000000000000000e+03 3.780000000000000000e+02 -6.280000000000000000e+02
