1.040000000000000000e+02 1.040000000000000000e+02 1.672000000000000000e+03
7.742857142857143060e+01 1.391836734693877702e+02 1.640530612244898066e+03
5.085714285714285410e+01 1.743673469387755119e+02 1.609061224489795904e+03
2.428571428571427759e+01 2.095510204081632537e+02 1.577591836734693970e+03
-2.285714285714291805e+00 2.447346938775510239e+02 1.546122448979591809e+03
-2.885714285714286120e+01 2.799183673469387941e+02 1.514653061224489875e+03
-5.542857142857144481e+01 3.151020408163265074e+02 1.483183673469387713e+03
-8.200000000000000000e+01 3.502857142857142776e+02 1.451714285714285779e+03
-1.085714285714285836e+02 3.854693877551020478e+02 1.420244897959183618e+03
-1.351428571428571672e+02 4.206530612244898180e+02 1.388775510204081684e+03
-1.617142857142857224e+02 4.558367346938775881e+02 1.357306122448979522e+03
-1.882857142857142776e+02 4.910204081632653015e+02 1.325836734693877588e+03
-2.148571428571428896e+02 5.262040816326530148e+02 1.294367346938775427e+03
-2.414285714285714448e+02 5.613877551020408418e+02 1.262897959183673493e+03
-2.680000000000000000e+02 5.965714285714285552e+02 1.231428571428571558e+03
-2.945714285714286120e+02 6.317551020408163822e+02 1.199959183673469397e+03
-3.211428571428571672e+02 6.669387755102040956e+02 1.168489795918367236e+03
-3.477142857142857224e+02 7.021224489795918089e+02 1.137020408163265301e+03
-3.742857142857143344e+02 7.373061224489796359e+02 1.105551020408163367e+03
-4.008571428571428896e+02 7.724897959183673493e+02 1.074081632653061206e+03
-4.274285714285714448e+02 8.076734693877551763e+02 1.042612244897959044e+03
-4.540000000000000000e+02 8.428571428571428896e+02 1.011142857142857110e+03
-4.805714285714285552e+02 8.780408163265306030e+02 9.796734693877550626e+02
-5.071428571428572241e+02 9.132244897959184300e+02 9.482040816326530148e+02
-5.337142857142857792e+02 9.484081632653061433e+02 9.167346938775510807e+02
-5.602857142857143344e+02 9.835918367346938567e+02 8.852653061224490330e+02
-5.868571428571428896e+02 1.018775510204081684e+03 8.537959183673469852e+02
-6.134285714285714448e+02 1.053959183673469397e+03 8.223265306122449374e+02
-6.400000000000000000e+02 1.089142857142857110e+03 7.908571428571428896e+02
-6.665714285714286689e+02 1.124326530612244824e+03 7.593877551020408418e+02
-6.931428571428572241e+02 1.159510204081632764e+03 7.279183673469387941e+02
-7.197142857142857792e+02 1.194693877551020478e+03 6.964489795918367463e+02
-7.462857142857143344e+02 1.229877551020408191e+03 6.649795918367346985e+02
-7.728571428571428896e+02 1.265061224489795904e+03 6.335102040816327644e+02
-7.994285714285714448e+02 1.300244897959183618e+03 6.020408163265306030e+02
-8.260000000000000000e+02 1.335428571428571558e+03 5.705714285714286689e+02
-8.525714285714286689e+02 1.370612244897959272e+03 5.391020408163265074e+02
-8.791428571428572241e+02 1.405795918367346985e+03 5.076326530612245733e+02
-9.057142857142857792e+02 1.440979591836734699e+03 4.761632653061224119e+02
-9.322857142857144481e+02 1.476163265306122412e+03 4.446938775510204778e+02
-9.588571428571428896e+02 1.511346938775510353e+03 4.132244897959183163e+02
-9.854285714285715585e+02 1.546530612244898066e+03 3.817551020408163822e+02
-1.012000000000000000e+03 1.581714285714285779e+03 3.502857142857142208e+02
-1.038571428571428669e+03 1.616897959183673493e+03 3.188163265306122867e+02
-1.065142857142857110e+03 1.652081632653061206e+03 2.873469387755101252e+02
-1.091714285714285779e+03 1.687265306122448919e+03 2.558775510204081911e+02
-1.118285714285714448e+03 1.722448979591836860e+03 2.244081632653060296e+02
-1.144857142857142890e+03 1.757632653061224573e+03 1.929387755102040956e+02
-1.171428571428571558e+03 1.792816326530612287e+03 1.614693877551021615e+02
-1.198000000000000000e+03 1.828000000000000000e+03 1.300000000000000000e+02
