-1.332000000000000000e+03 1.035000000000000000e+03 1.087000000000000000e+03
-1.302265306122448919e+03 1.014387755102040842e+03 1.060979591836734699e+03
-1.272530612244898066e+03 9.937755102040816837e+02 1.034959183673469397e+03
-1.242795918367346985e+03 9.731632653061224119e+02 1.008938775510204096e+03
-1.213061224489795904e+03 9.525510204081632537e+02 9.829183673469387941e+02
-1.183326530612244824e+03 9.319387755102040956e+02 9.568979591836734926e+02
-1.153591836734693970e+03 9.113265306122449374e+02 9.308775510204081911e+02
-1.123857142857142890e+03 8.907142857142857792e+02 9.048571428571428896e+02
-1.094122448979591809e+03 8.701020408163265074e+02 8.788367346938775881e+02
-1.064387755102040956e+03 8.494897959183673493e+02 8.528163265306122867e+02
-1.034653061224489875e+03 8.288775510204081911e+02 8.267959183673469852e+02
-1.004918367346938794e+03 8.082653061224489193e+02 8.007755102040816837e+02
-9.751836734693877133e+02 7.876530612244898748e+02 7.747551020408163822e+02
-9.454489795918367463e+02 7.670408163265306030e+02 7.487346938775510807e+02
-9.157142857142857792e+02 7.464285714285714448e+02 7.227142857142857792e+02
-8.859795918367346985e+02 7.258163265306122867e+02 6.966938775510204778e+02
-8.562448979591836178e+02 7.052040816326530148e+02 6.706734693877551763e+02
-8.265102040816326507e+02 6.845918367346939704e+02 6.446530612244898748e+02
-7.967755102040816837e+02 6.639795918367346985e+02 6.186326530612245733e+02
-7.670408163265306030e+02 6.433673469387755404e+02 5.926122448979592718e+02
-7.373061224489796359e+02 6.227551020408163822e+02 5.665918367346938567e+02
-7.075714285714285552e+02 6.021428571428571104e+02 5.405714285714285552e+02
-6.778367346938775881e+02 5.815306122448979522e+02 5.145510204081632537e+02
-6.481020408163265074e+02 5.609183673469387941e+02 4.885306122448979522e+02
-6.183673469387755404e+02 5.403061224489796359e+02 4.625102040816326507e+02
-5.886326530612244596e+02 5.196938775510204778e+02 4.364897959183673493e+02
-5.588979591836734926e+02 4.990816326530612059e+02 4.104693877551020478e+02
-5.291632653061224119e+02 4.784693877551020478e+02 3.844489795918367463e+02
-4.994285714285714448e+02 4.578571428571428896e+02 3.584285714285714448e+02
-4.696938775510203641e+02 4.372448979591837315e+02 3.324081632653061433e+02
-4.399591836734693970e+02 4.166326530612244596e+02 3.063877551020408418e+02
-4.102244897959183163e+02 3.960204081632653015e+02 2.803673469387755404e+02
-3.804897959183673493e+02 3.754081632653061433e+02 2.543469387755102389e+02
-3.507551020408163822e+02 3.547959183673469852e+02 2.283265306122449374e+02
-3.210204081632653015e+02 3.341836734693878270e+02 2.023061224489796359e+02
-2.912857142857142208e+02 3.135714285714285552e+02 1.762857142857143344e+02
-2.615510204081633674e+02 2.929591836734693970e+02 1.502653061224490330e+02
-2.318163265306122867e+02 2.723469387755102389e+02 1.242448979591837315e+02
-2.020816326530612059e+02 2.517346938775510807e+02 9.822448979591842999e+01
-1.723469387755101252e+02 2.311224489795918089e+02 7.220408163265312851e+01
-1.426122448979592718e+02 2.105102040816326507e+02 4.618367346938771334e+01
-1.128775510204081911e+02 1.898979591836734926e+02 2.016326530612241186e+01
-8.314285714285711038e+01 1.692857142857143344e+02 -5.857142857142889625e+00
-5.340816326530602964e+01 1.486734693877551763e+02 -3.187755102040819111e+01
-2.367346938775517629e+01 1.280612244897959044e+02 -5.789795918367349259e+01
6.061224489795904447e+00 1.074489795918367463e+02 -8.391836734693879407e+01
3.579591836734698518e+01 8.683673469387758814e+01 -1.099387755102040956e+02
6.553061224489806591e+01 6.622448979591842999e+01 -1.359591836734693970e+02
9.526530612244891927e+01 4.561224489795927184e+01 -1.619795918367346985e+02
1.250000000000000000e+02 2.500000000000000000e+01 -1.880000000000000000e+02
