6.900000000000000000e+01 1.454000000000000000e+03 9.800000000000000000e+02
9.530612244897959329e+01 1.432204081632653015e+03 9.523061224489796359e+02
1.216122448979591866e+02 1.410408163265306030e+03 9.246122448979591582e+02
1.479183673469387941e+02 1.388612244897959272e+03 8.969183673469387941e+02
1.742244897959183731e+02 1.366816326530612287e+03 8.692244897959183163e+02
2.005306122448979522e+02 1.345020408163265301e+03 8.415306122448979522e+02
2.268367346938775597e+02 1.323224489795918316e+03 8.138367346938775881e+02
2.531428571428571672e+02 1.301428571428571331e+03 7.861428571428571104e+02
2.794489795918367463e+02 1.279632653061224573e+03 7.584489795918367463e+02
3.057551020408163254e+02 1.257836734693877588e+03 7.307551020408163822e+02
3.320612244897959044e+02 1.236040816326530603e+03 7.030612244897959044e+02
3.583673469387755404e+02 1.214244897959183618e+03 6.753673469387755404e+02
3.846734693877551194e+02 1.192448979591836633e+03 6.476734693877551763e+02
4.109795918367346985e+02 1.170653061224489875e+03 6.199795918367346985e+02
4.372857142857143344e+02 1.148857142857142890e+03 5.922857142857143344e+02
4.635918367346939135e+02 1.127061224489795904e+03 5.645918367346939704e+02
4.898979591836734926e+02 1.105265306122448919e+03 5.368979591836734926e+02
5.162040816326530148e+02 1.083469387755102161e+03 5.092040816326530717e+02
5.425102040816326507e+02 1.061673469387755176e+03 4.815102040816326507e+02
5.688163265306122867e+02 1.039877551020408191e+03 4.538163265306122867e+02
5.951224489795918089e+02 1.018081632653061206e+03 4.261224489795918089e+02
6.214285714285714448e+02 9.962857142857142208e+02 3.984285714285714448e+02
6.477346938775510807e+02 9.744897959183673493e+02 3.707346938775510807e+02
6.740408163265306030e+02 9.526938775510204778e+02 3.430408163265306030e+02
7.003469387755102389e+02 9.308979591836734926e+02 3.153469387755102389e+02
7.266530612244898748e+02 9.091020408163265074e+02 2.876530612244898748e+02
7.529591836734693970e+02 8.873061224489796359e+02 2.599591836734693970e+02
7.792653061224490330e+02 8.655102040816326507e+02 2.322653061224490330e+02
8.055714285714286689e+02 8.437142857142856656e+02 2.045714285714286689e+02
8.318775510204081911e+02 8.219183673469387941e+02 1.768775510204081911e+02
8.581836734693878270e+02 8.001224489795918089e+02 1.491836734693878270e+02
8.844897959183673493e+02 7.783265306122449374e+02 1.214897959183673493e+02
9.107959183673469852e+02 7.565306122448979522e+02 9.379591836734698518e+01
9.371020408163266211e+02 7.347346938775509670e+02 6.610204081632662110e+01
9.634081632653061433e+02 7.129387755102040956e+02 3.840816326530614333e+01
9.897142857142857792e+02 6.911428571428571104e+02 1.071428571428577925e+01
1.016020408163265301e+03 6.693469387755102389e+02 -1.697959183673469852e+01
1.042326530612244824e+03 6.475510204081632537e+02 -4.467346938775494891e+01
1.068632653061224573e+03 6.257551020408162685e+02 -7.236734693877542668e+01
1.094938775510204096e+03 6.039591836734693970e+02 -1.000612244897959044e+02
1.121244897959183618e+03 5.821632653061224119e+02 -1.277551020408163822e+02
1.147551020408163367e+03 5.603673469387755404e+02 -1.554489795918366326e+02
1.173857142857142890e+03 5.385714285714285552e+02 -1.831428571428571104e+02
1.200163265306122412e+03 5.167755102040815700e+02 -2.108367346938775881e+02
1.226469387755102161e+03 4.949795918367346985e+02 -2.385306122448978385e+02
1.252775510204081684e+03 4.731836734693877133e+02 -2.662244897959183163e+02
1.279081632653061206e+03 4.513877551020408418e+02 -2.939183673469387941e+02
1.305387755102040956e+03 4.295918367346939704e+02 -3.216122448979590445e+02
1.331693877551020478e+03 4.077959183673469852e+02 -3.493061224489795222e+02
1.358000000000000000e+03 3.860000000000000000e+02 -3.770000000000000000e+02
