-1.427000000000000000e+03 1.324000000000000000e+03 1.350000000000000000e+03
-1.403081632653061206e+03 1.297897959183673493e+03 1.327000000000000000e+03
-1.379163265306122412e+03 1.271795918367346985e+03 1.304000000000000000e+03
-1.355244897959183618e+03 1.245693877551020478e+03 1.281000000000000000e+03
-1.331326530612244824e+03 1.219591836734693970e+03 1.258000000000000000e+03
-1.307408163265306030e+03 1.193489795918367236e+03 1.235000000000000000e+03
-1.283489795918367236e+03 1.167387755102040728e+03 1.212000000000000000e+03
-1.259571428571428442e+03 1.141285714285714221e+03 1.189000000000000000e+03
-1.235653061224489875e+03 1.115183673469387713e+03 1.166000000000000000e+03
-1.211734693877551081e+03 1.089081632653061206e+03 1.143000000000000000e+03
-1.187816326530612287e+03 1.062979591836734699e+03 1.120000000000000000e+03
-1.163897959183673493e+03 1.036877551020408191e+03 1.097000000000000000e+03
-1.139979591836734699e+03 1.010775510204081684e+03 1.074000000000000000e+03
-1.116061224489795904e+03 9.846734693877550626e+02 1.051000000000000000e+03
-1.092142857142857110e+03 9.585714285714285552e+02 1.028000000000000000e+03
-1.068224489795918316e+03 9.324693877551019341e+02 1.005000000000000000e+03
-1.044306122448979522e+03 9.063673469387754267e+02 9.820000000000000000e+02
-1.020387755102040728e+03 8.802653061224489193e+02 9.590000000000000000e+02
-9.964693877551020478e+02 8.541632653061224119e+02 9.360000000000000000e+02
-9.725510204081632537e+02 8.280612244897959044e+02 9.130000000000000000e+02
-9.486326530612244596e+02 8.019591836734693970e+02 8.900000000000000000e+02
-9.247142857142857792e+02 7.758571428571427759e+02 8.670000000000000000e+02
-9.007959183673468715e+02 7.497551020408162685e+02 8.440000000000000000e+02
-8.768775510204081911e+02 7.236530612244897611e+02 8.210000000000000000e+02
-8.529591836734693970e+02 6.975510204081632537e+02 7.980000000000000000e+02
-8.290408163265306030e+02 6.714489795918367463e+02 7.750000000000000000e+02
-8.051224489795918089e+02 6.453469387755101252e+02 7.520000000000000000e+02
-7.812040816326530148e+02 6.192448979591836178e+02 7.290000000000000000e+02
-7.572857142857142208e+02 5.931428571428571104e+02 7.060000000000000000e+02
-7.333673469387755404e+02 5.670408163265306030e+02 6.830000000000000000e+02
-7.094489795918367463e+02 5.409387755102039819e+02 6.600000000000000000e+02
-6.855306122448979522e+02 5.148367346938774745e+02 6.370000000000000000e+02
-6.616122448979591582e+02 4.887346938775509670e+02 6.140000000000000000e+02
-6.376938775510203641e+02 4.626326530612244596e+02 5.910000000000000000e+02
-6.137755102040815700e+02 4.365306122448979522e+02 5.680000000000000000e+02
-5.898571428571427759e+02 4.104285714285713311e+02 5.450000000000000000e+02
-5.659387755102040956e+02 3.843265306122448237e+02 5.220000000000000000e+02
-5.420204081632653015e+02 3.582244897959183163e+02 4.990000000000000000e+02
-5.181020408163265074e+02 3.321224489795918089e+02 4.760000000000000000e+02
-4.941836734693877133e+02 3.060204081632651878e+02 4.530000000000000000e+02
-4.702653061224489193e+02 2.799183673469387941e+02 4.300000000000000000e+02
-4.463469387755101252e+02 2.538163265306122867e+02 4.070000000000000000e+02
-4.224285714285714448e+02 2.277142857142855519e+02 3.840000000000000000e+02
-3.985102040816325371e+02 2.016122448979590445e+02 3.610000000000000000e+02
-3.745918367346937430e+02 1.755102040816325371e+02 3.380000000000000000e+02
-3.506734693877551763e+02 1.494081632653060296e+02 3.150000000000000000e+02
-3.267551020408163822e+02 1.233061224489795222e+02 2.920000000000000000e+02
-3.028367346938775881e+02 9.720408163265301482e+01 2.690000000000000000e+02
-2.789183673469387941e+02 7.110204081632650741e+01 2.460000000000000000e+02
-2.550000000000000000e+02 4.500000000000000000e+01 2.230000000000000000e+02
