-1.580000000000000000e+03 1.220000000000000000e+02 -1.260000000000000000e+02
-1.551265306122448919e+03 1.463469387755102105e+02 -8.881632653061224403e+01
-1.522530612244898066e+03 1.706938775510204209e+02 -5.163265306122448806e+01
-1.493795918367346985e+03 1.950408163265306030e+02 -1.444897959183673208e+01
-1.465061224489795904e+03 2.193877551020408134e+02 2.273469387755102389e+01
-1.436326530612244824e+03 2.437346938775510239e+02 5.991836734693879407e+01
-1.407591836734693970e+03 2.680816326530612059e+02 9.710204081632653583e+01
-1.378857142857142890e+03 2.924285714285714448e+02 1.342857142857142776e+02
-1.350122448979591809e+03 3.167755102040816269e+02 1.714693877551020478e+02
-1.321387755102040956e+03 3.411224489795918089e+02 2.086530612244898180e+02
-1.292653061224489875e+03 3.654693877551020478e+02 2.458367346938775881e+02
-1.263918367346938794e+03 3.898163265306122298e+02 2.830204081632653015e+02
-1.235183673469387713e+03 4.141632653061224119e+02 3.202040816326530717e+02
-1.206448979591836633e+03 4.385102040816326507e+02 3.573877551020408418e+02
-1.177714285714285779e+03 4.628571428571428328e+02 3.945714285714285552e+02
-1.148979591836734699e+03 4.872040816326530717e+02 4.317551020408163822e+02
-1.120244897959183618e+03 5.115510204081632537e+02 4.689387755102040956e+02
-1.091510204081632764e+03 5.358979591836734926e+02 5.061224489795918089e+02
-1.062775510204081684e+03 5.602448979591836178e+02 5.433061224489796359e+02
-1.034040816326530603e+03 5.845918367346938567e+02 5.804897959183673493e+02
-1.005306122448979636e+03 6.089387755102040956e+02 6.176734693877551763e+02
-9.765714285714285552e+02 6.332857142857142208e+02 6.548571428571428896e+02
-9.478367346938775881e+02 6.576326530612244596e+02 6.920408163265306030e+02
-9.191020408163265074e+02 6.819795918367346985e+02 7.292244897959184300e+02
-8.903673469387755404e+02 7.063265306122448237e+02 7.664081632653061433e+02
-8.616326530612244596e+02 7.306734693877550626e+02 8.035918367346938567e+02
-8.328979591836734926e+02 7.550204081632653015e+02 8.407755102040816837e+02
-8.041632653061224119e+02 7.793673469387755404e+02 8.779591836734693970e+02
-7.754285714285714448e+02 8.037142857142856656e+02 9.151428571428571104e+02
-7.466938775510203641e+02 8.280612244897959044e+02 9.523265306122448237e+02
-7.179591836734693970e+02 8.524081632653061433e+02 9.895102040816327644e+02
-6.892244897959183163e+02 8.767551020408162685e+02 1.026693877551020478e+03
-6.604897959183673493e+02 9.011020408163265074e+02 1.063877551020408191e+03
-6.317551020408163822e+02 9.254489795918367463e+02 1.101061224489795904e+03
-6.030204081632653015e+02 9.497959183673468715e+02 1.138244897959183618e+03
-5.742857142857143344e+02 9.741428571428571104e+02 1.175428571428571558e+03
-5.455510204081633674e+02 9.984897959183673493e+02 1.212612244897959272e+03
-5.168163265306122867e+02 1.022836734693877474e+03 1.249795918367346985e+03
-4.880816326530612059e+02 1.047183673469387713e+03 1.286979591836734699e+03
-4.593469387755101252e+02 1.071530612244897839e+03 1.324163265306122412e+03
-4.306122448979592718e+02 1.095877551020408191e+03 1.361346938775510353e+03
-4.018775510204081911e+02 1.120224489795918316e+03 1.398530612244898066e+03
-3.731428571428571104e+02 1.144571428571428442e+03 1.435714285714285779e+03
-3.444081632653060296e+02 1.168918367346938794e+03 1.472897959183673493e+03
-3.156734693877551763e+02 1.193265306122448919e+03 1.510081632653061206e+03
-2.869387755102040956e+02 1.217612244897959044e+03 1.547265306122448919e+03
-2.582040816326530148e+02 1.241959183673469397e+03 1.584448979591836860e+03
-2.294693877551019341e+02 1.266306122448979522e+03 1.621632653061224573e+03
-2.007346938775510807e+02 1.290653061224489647e+03 1.658816326530612287e+03
-1.720000000000000000e+02 1.315000000000000000e+03 1.696000000000000000e+03
