-7.100000000000000000e+02 -1.240000000000000000e+02 -8.940000000000000000e+02
-7.400000000000000000e+02 -9.828571428571427759e+01 -8.692653061224490330e+02
-7.700000000000000000e+02 -7.257142857142856940e+01 -8.445306122448979522e+02
-8.000000000000000000e+02 -4.685714285714286120e+01 -8.197959183673469852e+02
-8.300000000000000000e+02 -2.114285714285713880e+01 -7.950612244897959044e+02
-8.600000000000000000e+02 4.571428571428583609e+00 -7.703265306122449374e+02
-8.900000000000000000e+02 3.028571428571427759e+01 -7.455918367346938567e+02
-9.200000000000000000e+02 5.600000000000000000e+01 -7.208571428571428896e+02
-9.500000000000000000e+02 8.171428571428572241e+01 -6.961224489795918089e+02
-9.800000000000000000e+02 1.074285714285714448e+02 -6.713877551020408418e+02
-1.010000000000000000e+03 1.331428571428571672e+02 -6.466530612244897611e+02
-1.040000000000000000e+03 1.588571428571428896e+02 -6.219183673469387941e+02
-1.070000000000000000e+03 1.845714285714285552e+02 -5.971836734693877133e+02
-1.100000000000000000e+03 2.102857142857142776e+02 -5.724489795918367463e+02
-1.130000000000000000e+03 2.360000000000000000e+02 -5.477142857142857792e+02
-1.160000000000000000e+03 2.617142857142857224e+02 -5.229795918367346985e+02
-1.190000000000000000e+03 2.874285714285714448e+02 -4.982448979591836746e+02
-1.220000000000000000e+03 3.131428571428571672e+02 -4.735102040816326507e+02
-1.250000000000000000e+03 3.388571428571428896e+02 -4.487755102040816269e+02
-1.280000000000000000e+03 3.645714285714286120e+02 -4.240408163265306030e+02
-1.310000000000000000e+03 3.902857142857143344e+02 -3.993061224489795791e+02
-1.340000000000000000e+03 4.160000000000000000e+02 -3.745714285714285552e+02
-1.370000000000000000e+03 4.417142857142857792e+02 -3.498367346938775881e+02
-1.400000000000000000e+03 4.674285714285714448e+02 -3.251020408163265074e+02
-1.430000000000000000e+03 4.931428571428571104e+02 -3.003673469387755404e+02
-1.460000000000000000e+03 5.188571428571428896e+02 -2.756326530612244596e+02
-1.490000000000000000e+03 5.445714285714285552e+02 -2.508979591836734926e+02
-1.520000000000000000e+03 5.702857142857143344e+02 -2.261632653061224119e+02
-1.550000000000000000e+03 5.960000000000000000e+02 -2.014285714285714448e+02
-1.580000000000000000e+03 6.217142857142857792e+02 -1.766938775510203641e+02
-1.610000000000000000e+03 6.474285714285714448e+02 -1.519591836734693970e+02
-1.640000000000000000e+03 6.731428571428572241e+02 -1.272244897959183163e+02
-1.670000000000000000e+03 6.988571428571428896e+02 -1.024897959183673493e+02
-1.700000000000000000e+03 7.245714285714285552e+02 -7.775510204081638221e+01
-1.730000000000000000e+03 7.502857142857143344e+02 -5.302040816326530148e+01
-1.760000000000000000e+03 7.760000000000000000e+02 -2.828571428571433444e+01
-1.790000000000000000e+03 8.017142857142857792e+02 -3.551020408163253705e+00
-1.820000000000000000e+03 8.274285714285714448e+02 2.118367346938771334e+01
-1.850000000000000000e+03 8.531428571428572241e+02 4.591836734693879407e+01
-1.880000000000000000e+03 8.788571428571428896e+02 7.065306122448976112e+01
-1.910000000000000000e+03 9.045714285714286689e+02 9.538775510204084185e+01
-1.940000000000000000e+03 9.302857142857142208e+02 1.201224489795918089e+02
-1.970000000000000000e+03 9.560000000000000000e+02 1.448571428571428896e+02
-2.000000000000000000e+03 9.817142857142857792e+02 1.695918367346939704e+02
-2.030000000000000000e+03 1.007428571428571558e+03 1.943265306122448237e+02
-2.060000000000000000e+03 1.033142857142857110e+03 2.190612244897959044e+02
-2.090000000000000000e+03 1.058857142857142890e+03 2.437959183673469852e+02
-2.120000000000000000e+03 1.084571428571428669e+03 2.685306122448980659e+02
-2.150000000000000000e+03 1.110285714285714221e+03 2.932653061224489193e+02
-2.180000000000000000e+03 1.136000000000000000e+03 3.180000000000000000e+02
