-7.200000000000000000e+01 -5.800000000000000000e+01 1.271000000000000000e+03
-9.853061224489795222e+01 -2.463265306122448806e+01 1.249306122448979522e+03
-1.250612244897959187e+02 8.734693877551023888e+00 1.227612244897959272e+03
-1.515918367346938851e+02 4.210204081632653583e+01 1.205918367346938794e+03
-1.781224489795918373e+02 7.546938775510204778e+01 1.184224489795918316e+03
-2.046530612244897895e+02 1.088367346938775597e+02 1.162530612244898066e+03
-2.311836734693877702e+02 1.422040816326530717e+02 1.140836734693877588e+03
-2.577142857142857224e+02 1.755714285714285836e+02 1.119142857142857110e+03
-2.842448979591836746e+02 2.089387755102040956e+02 1.097448979591836633e+03
-3.107755102040816269e+02 2.423061224489796359e+02 1.075755102040816382e+03
-3.373061224489795791e+02 2.756734693877551194e+02 1.054061224489795904e+03
-3.638367346938775313e+02 3.090408163265306030e+02 1.032367346938775427e+03
-3.903673469387755404e+02 3.424081632653061433e+02 1.010673469387755176e+03
-4.168979591836734926e+02 3.757755102040816837e+02 9.889795918367346985e+02
-4.434285714285714448e+02 4.091428571428571672e+02 9.672857142857143344e+02
-4.699591836734693970e+02 4.425102040816326507e+02 9.455918367346939704e+02
-4.964897959183673493e+02 4.758775510204081911e+02 9.238979591836734926e+02
-5.230204081632653015e+02 5.092448979591837315e+02 9.022040816326530148e+02
-5.495510204081632537e+02 5.426122448979592718e+02 8.805102040816326507e+02
-5.760816326530612059e+02 5.759795918367346985e+02 8.588163265306122867e+02
-6.026122448979591582e+02 6.093469387755102389e+02 8.371224489795918089e+02
-6.291428571428571104e+02 6.427142857142857792e+02 8.154285714285714448e+02
-6.556734693877550626e+02 6.760816326530612059e+02 7.937346938775510807e+02
-6.822040816326530148e+02 7.094489795918367463e+02 7.720408163265306030e+02
-7.087346938775510807e+02 7.428163265306122867e+02 7.503469387755102389e+02
-7.352653061224490330e+02 7.761836734693878270e+02 7.286530612244898748e+02
-7.617959183673469852e+02 8.095510204081633674e+02 7.069591836734693970e+02
-7.883265306122449374e+02 8.429183673469387941e+02 6.852653061224490330e+02
-8.148571428571428896e+02 8.762857142857143344e+02 6.635714285714286689e+02
-8.413877551020408418e+02 9.096530612244898748e+02 6.418775510204081911e+02
-8.679183673469387941e+02 9.430204081632653015e+02 6.201836734693878270e+02
-8.944489795918367463e+02 9.763877551020409555e+02 5.984897959183673493e+02
-9.209795918367346985e+02 1.009755102040816382e+03 5.767959183673469852e+02
-9.475102040816326507e+02 1.043122448979591809e+03 5.551020408163266211e+02
-9.740408163265306030e+02 1.076489795918367463e+03 5.334081632653061433e+02
-1.000571428571428555e+03 1.109857142857142890e+03 5.117142857142857792e+02
-1.027102040816326507e+03 1.143224489795918544e+03 4.900204081632653015e+02
-1.053632653061224573e+03 1.176591836734693970e+03 4.683265306122449374e+02
-1.080163265306122412e+03 1.209959183673469397e+03 4.466326530612245733e+02
-1.106693877551020478e+03 1.243326530612245051e+03 4.249387755102040956e+02
-1.133224489795918316e+03 1.276693877551020478e+03 4.032448979591837315e+02
-1.159755102040816382e+03 1.310061224489795904e+03 3.815510204081633674e+02
-1.186285714285714221e+03 1.343428571428571558e+03 3.598571428571428896e+02
-1.212816326530612287e+03 1.376795918367346985e+03 3.381632653061225255e+02
-1.239346938775510125e+03 1.410163265306122412e+03 3.164693877551021615e+02
-1.265877551020408191e+03 1.443530612244898066e+03 2.947755102040816837e+02
-1.292408163265306030e+03 1.476897959183673493e+03 2.730816326530613196e+02
-1.318938775510204096e+03 1.510265306122449147e+03 2.513877551020408418e+02
-1.345469387755102161e+03 1.543632653061224573e+03 2.296938775510204778e+02
-1.372000000000000000e+03 1.577000000000000000e+03 2.080000000000000000e+02
