-2.480000000000000000e+02 2.289000000000000000e+03 1.243000000000000000e+03
-2.199591836734693970e+02 2.263612244897959044e+03 1.208795918367346985e+03
-1.919183673469387656e+02 2.238224489795918544e+03 1.174591836734693970e+03
-1.638775510204081627e+02 2.212836734693877588e+03 1.140387755102040728e+03
-1.358367346938775313e+02 2.187448979591836633e+03 1.106183673469387713e+03
-1.077959183673469283e+02 2.162061224489796132e+03 1.071979591836734699e+03
-7.975510204081632537e+01 2.136673469387755176e+03 1.037775510204081684e+03
-5.171428571428569398e+01 2.111285714285714221e+03 1.003571428571428555e+03
-2.367346938775509102e+01 2.085897959183673265e+03 9.693673469387754267e+02
4.367346938775511944e+00 2.060510204081632764e+03 9.351632653061224119e+02
3.240816326530614333e+01 2.035122448979591809e+03 9.009591836734693970e+02
6.044897959183674629e+01 2.009734693877551081e+03 8.667551020408162685e+02
8.848979591836734926e+01 1.984346938775510125e+03 8.325510204081632537e+02
1.165306122448979522e+02 1.958959183673469397e+03 7.983469387755101252e+02
1.445714285714286120e+02 1.933571428571428442e+03 7.641428571428571104e+02
1.726122448979592150e+02 1.908183673469387713e+03 7.299387755102039819e+02
2.006530612244898180e+02 1.882795918367346985e+03 6.957346938775509670e+02
2.286938775510204209e+02 1.857408163265306030e+03 6.615306122448979522e+02
2.567346938775510239e+02 1.832020408163265301e+03 6.273265306122448237e+02
2.847755102040816837e+02 1.806632653061224573e+03 5.931224489795918089e+02
3.128163265306122867e+02 1.781244897959183618e+03 5.589183673469386804e+02
3.408571428571428896e+02 1.755857142857142890e+03 5.247142857142856656e+02
3.688979591836734926e+02 1.730469387755102161e+03 4.905102040816325371e+02
3.969387755102040956e+02 1.705081632653061206e+03 4.563061224489795222e+02
4.249795918367346985e+02 1.679693877551020250e+03 4.221020408163265074e+02
4.530204081632653015e+02 1.654306122448979522e+03 3.878979591836733789e+02
4.810612244897959044e+02 1.628918367346938794e+03 3.536938775510203641e+02
5.091020408163266211e+02 1.603530612244897839e+03 3.194897959183672356e+02
5.371428571428572241e+02 1.578142857142857110e+03 2.852857142857142208e+02
5.651836734693878270e+02 1.552755102040816382e+03 2.510816326530610922e+02
5.932244897959184300e+02 1.527367346938775427e+03 2.168775510204079637e+02
6.212653061224490330e+02 1.501979591836734699e+03 1.826734693877549489e+02
6.493061224489796359e+02 1.476591836734693970e+03 1.484693877551019341e+02
6.773469387755102389e+02 1.451204081632653015e+03 1.142653061224489193e+02
7.053877551020408418e+02 1.425816326530612059e+03 8.006122448979590445e+01
7.334285714285714448e+02 1.400428571428571558e+03 4.585714285714266225e+01
7.614693877551020478e+02 1.375040816326530603e+03 1.165306122448964743e+01
7.895102040816327644e+02 1.349653061224489647e+03 -2.255102040816336739e+01
8.175510204081633674e+02 1.324265306122448919e+03 -5.675510204081638221e+01
8.455918367346939704e+02 1.298877551020408191e+03 -9.095918367346962441e+01
8.736326530612245733e+02 1.273489795918367236e+03 -1.251632653061226392e+02
9.016734693877551763e+02 1.248102040816326507e+03 -1.593673469387756541e+02
9.297142857142857792e+02 1.222714285714285779e+03 -1.935714285714286689e+02
9.577551020408163822e+02 1.197326530612244824e+03 -2.277755102040816837e+02
9.857959183673469852e+02 1.171938775510204096e+03 -2.619795918367349259e+02
1.013836734693877588e+03 1.146551020408163140e+03 -2.961836734693879407e+02
1.041877551020408191e+03 1.121163265306122412e+03 -3.303877551020409555e+02
1.069918367346938794e+03 1.095775510204081684e+03 -3.645918367346939704e+02
1.097959183673469397e+03 1.070387755102040728e+03 -3.987959183673469852e+02
1.126000000000000000e+03 1.045000000000000000e+03 -4.330000000000000000e+02
