-2.360000000000000000e+02 1.007000000000000000e+03 -4.800000000000000000e+02
-2.143877551020408134e+02 1.033551020408163367e+03 -4.469387755102040956e+02
-1.927755102040816269e+02 1.060102040816326507e+03 -4.138775510204081911e+02
-1.711632653061224687e+02 1.086653061224489875e+03 -3.808163265306122298e+02
-1.495510204081632537e+02 1.113204081632653015e+03 -3.477551020408163254e+02
-1.279387755102040813e+02 1.139755102040816382e+03 -3.146938775510204209e+02
-1.063265306122449090e+02 1.166306122448979522e+03 -2.816326530612244596e+02
-8.471428571428572241e+01 1.192857142857142890e+03 -2.485714285714285552e+02
-6.310204081632653583e+01 1.219408163265306030e+03 -2.155102040816326507e+02
-4.148979591836734926e+01 1.245959183673469397e+03 -1.824489795918367463e+02
-1.987755102040816269e+01 1.272510204081632764e+03 -1.493877551020408418e+02
1.734693877551023888e+00 1.299061224489795904e+03 -1.163265306122448806e+02
2.334693877551018204e+01 1.325612244897959044e+03 -8.326530612244897611e+01
4.495918367346939704e+01 1.352163265306122412e+03 -5.020408163265307167e+01
6.657142857142855519e+01 1.378714285714285779e+03 -1.714285714285711038e+01
8.818367346938777018e+01 1.405265306122448919e+03 1.591836734693879407e+01
1.097959183673469283e+02 1.431816326530612287e+03 4.897959183673469852e+01
1.314081632653060865e+02 1.458367346938775427e+03 8.204081632653060296e+01
1.530204081632653015e+02 1.484918367346938794e+03 1.151020408163265074e+02
1.746326530612244596e+02 1.511469387755102161e+03 1.481632653061224119e+02
1.962448979591836746e+02 1.538020408163265301e+03 1.812244897959183163e+02
2.178571428571428328e+02 1.564571428571428442e+03 2.142857142857143344e+02
2.394693877551020478e+02 1.591122448979591809e+03 2.473469387755102389e+02
2.610816326530612059e+02 1.617673469387755176e+03 2.804081632653061433e+02
2.826938775510203641e+02 1.644224489795918316e+03 3.134693877551020478e+02
3.043061224489795222e+02 1.670775510204081456e+03 3.465306122448979522e+02
3.259183673469387941e+02 1.697326530612244824e+03 3.795918367346938567e+02
3.475306122448979522e+02 1.723877551020408191e+03 4.126530612244897611e+02
3.691428571428571104e+02 1.750428571428571558e+03 4.457142857142857792e+02
3.907551020408162685e+02 1.776979591836734699e+03 4.787755102040816837e+02
4.123673469387755404e+02 1.803530612244897839e+03 5.118367346938775881e+02
4.339795918367346985e+02 1.830081632653061206e+03 5.448979591836734926e+02
4.555918367346938567e+02 1.856632653061224573e+03 5.779591836734693970e+02
4.772040816326530148e+02 1.883183673469387713e+03 6.110204081632653015e+02
4.988163265306121730e+02 1.909734693877550853e+03 6.440816326530612059e+02
5.204285714285714448e+02 1.936285714285714221e+03 6.771428571428571104e+02
5.420408163265306030e+02 1.962836734693877588e+03 7.102040816326530148e+02
5.636530612244897611e+02 1.989387755102040728e+03 7.432653061224489193e+02
5.852653061224489193e+02 2.015938775510204096e+03 7.763265306122448237e+02
6.068775510204081911e+02 2.042489795918367236e+03 8.093877551020407282e+02
6.284897959183673493e+02 2.069040816326530603e+03 8.424489795918366326e+02
6.501020408163265074e+02 2.095591836734693970e+03 8.755102040816327644e+02
6.717142857142856656e+02 2.122142857142856883e+03 9.085714285714286689e+02
6.933265306122448237e+02 2.148693877551020705e+03 9.416326530612245733e+02
7.149387755102040956e+02 2.175244897959183618e+03 9.746938775510204778e+02
7.365510204081632537e+02 2.201795918367346985e+03 1.007755102040816382e+03
7.581632653061224119e+02 2.228346938775510353e+03 1.040816326530612287e+03
7.797755102040815700e+02 2.254897959183673265e+03 1.073877551020408191e+03
8.013877551020407282e+02 2.281448979591836633e+03 1.106938775510204096e+03
8.230000000000000000e+02 2.308000000000000000e+03 1.140000000000000000e+03
