1.493000000000000000e+03 2.034000000000000000e+03 1.286000000000000000e+03
1.467551020408163367e+03 2.009755102040816382e+03 1.257265306122448919e+03
1.442102040816326507e+03 1.985510204081632764e+03 1.228530612244898066e+03
1.416653061224489875e+03 1.961265306122448919e+03 1.199795918367346985e+03
1.391204081632653015e+03 1.937020408163265301e+03 1.171061224489795904e+03
1.365755102040816382e+03 1.912775510204081684e+03 1.142326530612244824e+03
1.340306122448979522e+03 1.888530612244897839e+03 1.113591836734693970e+03
1.314857142857142890e+03 1.864285714285714221e+03 1.084857142857142890e+03
1.289408163265306030e+03 1.840040816326530603e+03 1.056122448979591809e+03
1.263959183673469397e+03 1.815795918367346985e+03 1.027387755102040956e+03
1.238510204081632764e+03 1.791551020408163367e+03 9.986530612244898748e+02
1.213061224489795904e+03 1.767306122448979522e+03 9.699183673469387941e+02
1.187612244897959044e+03 1.743061224489795904e+03 9.411836734693877133e+02
1.162163265306122412e+03 1.718816326530612287e+03 9.124489795918367463e+02
1.136714285714285779e+03 1.694571428571428442e+03 8.837142857142857792e+02
1.111265306122448919e+03 1.670326530612244824e+03 8.549795918367346985e+02
1.085816326530612287e+03 1.646081632653061206e+03 8.262448979591836178e+02
1.060367346938775427e+03 1.621836734693877588e+03 7.975102040816326507e+02
1.034918367346938794e+03 1.597591836734693970e+03 7.687755102040816837e+02
1.009469387755102048e+03 1.573346938775510125e+03 7.400408163265306030e+02
9.840204081632653015e+02 1.549102040816326507e+03 7.113061224489796359e+02
9.585714285714285552e+02 1.524857142857142890e+03 6.825714285714285552e+02
9.331224489795918089e+02 1.500612244897959044e+03 6.538367346938775881e+02
9.076734693877550626e+02 1.476367346938775427e+03 6.251020408163265074e+02
8.822244897959183163e+02 1.452122448979591809e+03 5.963673469387755404e+02
8.567755102040815700e+02 1.427877551020408191e+03 5.676326530612244596e+02
8.313265306122448237e+02 1.403632653061224573e+03 5.388979591836734926e+02
8.058775510204081911e+02 1.379387755102040728e+03 5.101632653061224119e+02
7.804285714285714448e+02 1.355142857142857110e+03 4.814285714285714448e+02
7.549795918367346985e+02 1.330897959183673493e+03 4.526938775510203641e+02
7.295306122448979522e+02 1.306653061224489647e+03 4.239591836734693970e+02
7.040816326530612059e+02 1.282408163265306030e+03 3.952244897959183163e+02
6.786326530612244596e+02 1.258163265306122412e+03 3.664897959183673493e+02
6.531836734693877133e+02 1.233918367346938794e+03 3.377551020408163822e+02
6.277346938775509670e+02 1.209673469387755176e+03 3.090204081632653015e+02
6.022857142857142208e+02 1.185428571428571331e+03 2.802857142857143344e+02
5.768367346938774745e+02 1.161183673469387713e+03 2.515510204081633674e+02
5.513877551020407282e+02 1.136938775510204096e+03 2.228163265306122867e+02
5.259387755102040956e+02 1.112693877551020250e+03 1.940816326530612059e+02
5.004897959183673493e+02 1.088448979591836633e+03 1.653469387755101252e+02
4.750408163265306030e+02 1.064204081632653015e+03 1.366122448979592718e+02
4.495918367346937430e+02 1.039959183673469397e+03 1.078775510204081911e+02
4.241428571428571104e+02 1.015714285714285666e+03 7.914285714285711038e+01
3.986938775510204778e+02 9.914693877551019341e+02 5.040816326530602964e+01
3.732448979591836178e+02 9.672244897959183163e+02 2.167346938775517629e+01
3.477959183673469852e+02 9.429795918367346985e+02 -7.061224489795904447e+00
3.223469387755101252e+02 9.187346938775508534e+02 -3.579591836734698518e+01
2.968979591836734926e+02 8.944897959183672356e+02 -6.453061224489806591e+01
2.714489795918366326e+02 8.702448979591836178e+02 -9.326530612244891927e+01
2.460000000000000000e+02 8.460000000000000000e+02 -1.220000000000000000e+02
