1.186000000000000000e+03 1.878000000000000000e+03 6.890000000000000000e+02
1.159938775510204096e+03 1.856142857142857110e+03 6.676326530612244596e+02
1.133877551020408191e+03 1.834285714285714221e+03 6.462653061224489193e+02
1.107816326530612287e+03 1.812428571428571331e+03 6.248979591836734926e+02
1.081755102040816382e+03 1.790571428571428669e+03 6.035306122448979522e+02
1.055693877551020478e+03 1.768714285714285779e+03 5.821632653061224119e+02
1.029632653061224573e+03 1.746857142857142890e+03 5.607959183673469852e+02
1.003571428571428555e+03 1.725000000000000000e+03 5.394285714285714448e+02
9.775102040816326507e+02 1.703142857142857110e+03 5.180612244897959044e+02
9.514489795918367463e+02 1.681285714285714221e+03 4.966938775510203641e+02
9.253877551020408418e+02 1.659428571428571331e+03 4.753265306122448806e+02
8.993265306122448237e+02 1.637571428571428442e+03 4.539591836734693970e+02
8.732653061224489193e+02 1.615714285714285779e+03 4.325918367346938567e+02
8.472040816326530148e+02 1.593857142857142890e+03 4.112244897959183163e+02
8.211428571428571104e+02 1.572000000000000000e+03 3.898571428571428328e+02
7.950816326530612059e+02 1.550142857142857110e+03 3.684897959183673493e+02
7.690204081632653015e+02 1.528285714285714221e+03 3.471224489795918089e+02
7.429591836734693970e+02 1.506428571428571558e+03 3.257551020408162685e+02
7.168979591836734926e+02 1.484571428571428442e+03 3.043877551020407850e+02
6.908367346938775881e+02 1.462714285714285779e+03 2.830204081632653015e+02
6.647755102040816837e+02 1.440857142857142890e+03 2.616530612244897611e+02
6.387142857142856656e+02 1.419000000000000000e+03 2.402857142857142208e+02
6.126530612244897611e+02 1.397142857142857110e+03 2.189183673469387372e+02
5.865918367346938567e+02 1.375285714285714221e+03 1.975510204081632537e+02
5.605306122448979522e+02 1.353428571428571558e+03 1.761836734693877133e+02
5.344693877551020478e+02 1.331571428571428442e+03 1.548163265306121730e+02
5.084081632653061433e+02 1.309714285714285779e+03 1.334489795918366326e+02
4.823469387755102389e+02 1.287857142857142890e+03 1.120816326530612059e+02
4.562857142857142208e+02 1.266000000000000000e+03 9.071428571428566556e+01
4.302244897959183163e+02 1.244142857142857110e+03 6.934693877551012520e+01
4.041632653061224119e+02 1.222285714285714221e+03 4.797959183673469852e+01
3.781020408163265074e+02 1.200428571428571558e+03 2.661224489795915815e+01
3.520408163265306030e+02 1.178571428571428442e+03 5.244897959183617786e+00
3.259795918367346985e+02 1.156714285714285779e+03 -1.612244897959192258e+01
2.999183673469387941e+02 1.134857142857142890e+03 -3.748979591836746295e+01
2.738571428571428896e+02 1.113000000000000000e+03 -5.885714285714288962e+01
2.477959183673469852e+02 1.091142857142857110e+03 -8.022448979591842999e+01
2.217346938775509670e+02 1.069285714285714221e+03 -1.015918367346939704e+02
1.956734693877550626e+02 1.047428571428571558e+03 -1.229591836734693970e+02
1.696122448979591582e+02 1.025571428571428442e+03 -1.443265306122449374e+02
1.435510204081633674e+02 1.003714285714285666e+03 -1.656938775510204778e+02
1.174897959183672356e+02 9.818571428571428896e+02 -1.870612244897960181e+02
9.142857142857133113e+01 9.600000000000000000e+02 -2.084285714285715585e+02
6.536734693877542668e+01 9.381428571428571104e+02 -2.297959183673469852e+02
3.930612244897952223e+01 9.162857142857142208e+02 -2.511632653061225255e+02
1.324489795918361779e+01 8.944285714285714448e+02 -2.725306122448980659e+02
-1.281632653061228666e+01 8.725714285714285552e+02 -2.938979591836734926e+02
-3.887755102040819111e+01 8.507142857142857792e+02 -3.152653061224490330e+02
-6.493877551020409555e+01 8.288571428571428896e+02 -3.366326530612245733e+02
-9.100000000000000000e+01 8.070000000000000000e+02 -3.580000000000000000e+02
