-2.222000000000000000e+03 1.490000000000000000e+02 -3.270000000000000000e+02
-2.194836734693877588e+03 1.824285714285714448e+02 -3.003469387755101820e+02
-2.167673469387755176e+03 2.158571428571428612e+02 -2.736938775510204209e+02
-2.140510204081632764e+03 2.492857142857142776e+02 -2.470408163265306030e+02
-2.113346938775510353e+03 2.827142857142857224e+02 -2.203877551020408134e+02
-2.086183673469387941e+03 3.161428571428571672e+02 -1.937346938775510239e+02
-2.059020408163265529e+03 3.495714285714285552e+02 -1.670816326530612059e+02
-2.031857142857142890e+03 3.830000000000000000e+02 -1.404285714285714164e+02
-2.004693877551020478e+03 4.164285714285714448e+02 -1.137755102040816269e+02
-1.977530612244898066e+03 4.498571428571428896e+02 -8.712244897959183731e+01
-1.950367346938775427e+03 4.832857142857143344e+02 -6.046938775510204778e+01
-1.923204081632653015e+03 5.167142857142857792e+02 -3.381632653061222982e+01
-1.896040816326530603e+03 5.501428571428571104e+02 -7.163265306122411857e+00
-1.868877551020408191e+03 5.835714285714286689e+02 1.948979591836734926e+01
-1.841714285714285779e+03 6.170000000000000000e+02 4.614285714285716722e+01
-1.814551020408163367e+03 6.504285714285714448e+02 7.279591836734692833e+01
-1.787387755102040956e+03 6.838571428571428896e+02 9.944897959183674629e+01
-1.760224489795918316e+03 7.172857142857143344e+02 1.261020408163265643e+02
-1.733061224489795904e+03 7.507142857142857792e+02 1.527551020408163254e+02
-1.705897959183673493e+03 7.841428571428572241e+02 1.794081632653061433e+02
-1.678734693877551081e+03 8.175714285714286689e+02 2.060612244897959044e+02
-1.651571428571428442e+03 8.510000000000000000e+02 2.327142857142857792e+02
-1.624408163265306030e+03 8.844285714285714448e+02 2.593673469387755404e+02
-1.597244897959183618e+03 9.178571428571428896e+02 2.860204081632653015e+02
-1.570081632653061206e+03 9.512857142857143344e+02 3.126734693877551763e+02
-1.542918367346938794e+03 9.847142857142857792e+02 3.393265306122449374e+02
-1.515755102040816382e+03 1.018142857142857224e+03 3.659795918367346985e+02
-1.488591836734693970e+03 1.051571428571428669e+03 3.926326530612244596e+02
-1.461428571428571558e+03 1.085000000000000000e+03 4.192857142857143344e+02
-1.434265306122449147e+03 1.118428571428571558e+03 4.459387755102040956e+02
-1.407102040816326735e+03 1.151857142857142890e+03 4.725918367346938567e+02
-1.379938775510204096e+03 1.185285714285714448e+03 4.992448979591837315e+02
-1.352775510204081684e+03 1.218714285714285779e+03 5.258979591836734926e+02
-1.325612244897959272e+03 1.252142857142857110e+03 5.525510204081632537e+02
-1.298448979591836633e+03 1.285571428571428669e+03 5.792040816326531285e+02
-1.271285714285714221e+03 1.319000000000000000e+03 6.058571428571428896e+02
-1.244122448979591809e+03 1.352428571428571558e+03 6.325102040816326507e+02
-1.216959183673469397e+03 1.385857142857142890e+03 6.591632653061225255e+02
-1.189795918367346985e+03 1.419285714285714448e+03 6.858163265306122867e+02
-1.162632653061224573e+03 1.452714285714285779e+03 7.124693877551021615e+02
-1.135469387755102161e+03 1.486142857142857338e+03 7.391224489795918089e+02
-1.108306122448979750e+03 1.519571428571428669e+03 7.657755102040816837e+02
-1.081142857142857110e+03 1.553000000000000000e+03 7.924285714285715585e+02
-1.053979591836734699e+03 1.586428571428571558e+03 8.190816326530612059e+02
-1.026816326530612287e+03 1.619857142857142890e+03 8.457346938775510807e+02
-9.996530612244898748e+02 1.653285714285714448e+03 8.723877551020409555e+02
-9.724897959183674629e+02 1.686714285714285779e+03 8.990408163265306030e+02
-9.453265306122450511e+02 1.720142857142857338e+03 9.256938775510204778e+02
-9.181632653061224119e+02 1.753571428571428669e+03 9.523469387755103526e+02
-8.910000000000000000e+02 1.787000000000000000e+03 9.790000000000000000e+02
