-1.573000000000000000e+03 1.611000000000000000e+03 1.459000000000000000e+03
-1.548408163265306030e+03 1.579265306122448919e+03 1.435469387755101934e+03
-1.523816326530612287e+03 1.547530612244898066e+03 1.411938775510204096e+03
-1.499224489795918316e+03 1.515795918367346985e+03 1.388408163265306030e+03
-1.474632653061224573e+03 1.484061224489795904e+03 1.364877551020408191e+03
-1.450040816326530603e+03 1.452326530612244824e+03 1.341346938775510125e+03
-1.425448979591836633e+03 1.420591836734693970e+03 1.317816326530612287e+03
-1.400857142857142890e+03 1.388857142857142890e+03 1.294285714285714221e+03
-1.376265306122448919e+03 1.357122448979591809e+03 1.270755102040816382e+03
-1.351673469387755176e+03 1.325387755102040956e+03 1.247224489795918316e+03
-1.327081632653061206e+03 1.293653061224489875e+03 1.223693877551020478e+03
-1.302489795918367236e+03 1.261918367346938794e+03 1.200163265306122412e+03
-1.277897959183673493e+03 1.230183673469387713e+03 1.176632653061224573e+03
-1.253306122448979522e+03 1.198448979591836633e+03 1.153102040816326507e+03
-1.228714285714285779e+03 1.166714285714285779e+03 1.129571428571428442e+03
-1.204122448979591809e+03 1.134979591836734699e+03 1.106040816326530603e+03
-1.179530612244897839e+03 1.103244897959183618e+03 1.082510204081632764e+03
-1.154938775510204096e+03 1.071510204081632764e+03 1.058979591836734699e+03
-1.130346938775510125e+03 1.039775510204081684e+03 1.035448979591836633e+03
-1.105755102040816382e+03 1.008040816326530603e+03 1.011918367346938794e+03
-1.081163265306122412e+03 9.763061224489796359e+02 9.883877551020408418e+02
-1.056571428571428442e+03 9.445714285714285552e+02 9.648571428571428896e+02
-1.031979591836734699e+03 9.128367346938775881e+02 9.413265306122449374e+02
-1.007387755102040842e+03 8.811020408163265074e+02 9.177959183673469852e+02
-9.827959183673469852e+02 8.493673469387755404e+02 8.942653061224489193e+02
-9.582040816326530148e+02 8.176326530612244596e+02 8.707346938775509670e+02
-9.336122448979591582e+02 7.858979591836734926e+02 8.472040816326530148e+02
-9.090204081632653015e+02 7.541632653061224119e+02 8.236734693877550626e+02
-8.844285714285714448e+02 7.224285714285714448e+02 8.001428571428571104e+02
-8.598367346938775881e+02 6.906938775510203641e+02 7.766122448979591582e+02
-8.352448979591836178e+02 6.589591836734693970e+02 7.530816326530612059e+02
-8.106530612244897611e+02 6.272244897959183163e+02 7.295510204081632537e+02
-7.860612244897959044e+02 5.954897959183673493e+02 7.060204081632653015e+02
-7.614693877551020478e+02 5.637551020408163822e+02 6.824897959183673493e+02
-7.368775510204081911e+02 5.320204081632653015e+02 6.589591836734693970e+02
-7.122857142857142208e+02 5.002857142857142208e+02 6.354285714285714448e+02
-6.876938775510203641e+02 4.685510204081633674e+02 6.118979591836734926e+02
-6.631020408163265074e+02 4.368163265306122867e+02 5.883673469387755404e+02
-6.385102040816326507e+02 4.050816326530612059e+02 5.648367346938775881e+02
-6.139183673469387941e+02 3.733469387755101252e+02 5.413061224489796359e+02
-5.893265306122448237e+02 3.416122448979592718e+02 5.177755102040816837e+02
-5.647346938775509670e+02 3.098775510204081911e+02 4.942448979591836178e+02
-5.401428571428571104e+02 2.781428571428571104e+02 4.707142857142856656e+02
-5.155510204081631400e+02 2.464081632653060296e+02 4.471836734693877133e+02
-4.909591836734693970e+02 2.146734693877551763e+02 4.236530612244898748e+02
-4.663673469387754267e+02 1.829387755102040956e+02 4.001224489795918089e+02
-4.417755102040816837e+02 1.512040816326530148e+02 3.765918367346939704e+02
-4.171836734693877133e+02 1.194693877551019341e+02 3.530612244897959044e+02
-3.925918367346939704e+02 8.773469387755108073e+01 3.295306122448978385e+02
-3.680000000000000000e+02 5.600000000000000000e+01 3.060000000000000000e+02
