-1.449000000000000000e+03 1.439000000000000000e+03 1.150000000000000000e+02
-1.422734693877551081e+03 1.409204081632653015e+03 1.431836734693877702e+02
-1.396469387755101934e+03 1.379408163265306030e+03 1.713673469387755119e+02
-1.370204081632653015e+03 1.349612244897959272e+03 1.995510204081632537e+02
-1.343938775510204096e+03 1.319816326530612287e+03 2.277346938775510239e+02
-1.317673469387755176e+03 1.290020408163265301e+03 2.559183673469387941e+02
-1.291408163265306030e+03 1.260224489795918316e+03 2.841020408163265074e+02
-1.265142857142857110e+03 1.230428571428571331e+03 3.122857142857142776e+02
-1.238877551020408191e+03 1.200632653061224573e+03 3.404693877551020478e+02
-1.212612244897959272e+03 1.170836734693877588e+03 3.686530612244898180e+02
-1.186346938775510125e+03 1.141040816326530603e+03 3.968367346938775881e+02
-1.160081632653061206e+03 1.111244897959183618e+03 4.250204081632653015e+02
-1.133816326530612287e+03 1.081448979591836633e+03 4.532040816326530717e+02
-1.107551020408163367e+03 1.051653061224489875e+03 4.813877551020408418e+02
-1.081285714285714221e+03 1.021857142857142890e+03 5.095714285714285552e+02
-1.055020408163265301e+03 9.920612244897959044e+02 5.377551020408163822e+02
-1.028755102040816382e+03 9.622653061224489193e+02 5.659387755102040956e+02
-1.002489795918367349e+03 9.324693877551020478e+02 5.941224489795918089e+02
-9.762244897959183163e+02 9.026734693877550626e+02 6.223061224489796359e+02
-9.499591836734693970e+02 8.728775510204081911e+02 6.504897959183673493e+02
-9.236938775510203641e+02 8.430816326530612059e+02 6.786734693877551763e+02
-8.974285714285714448e+02 8.132857142857143344e+02 7.068571428571428896e+02
-8.711632653061224119e+02 7.834897959183673493e+02 7.350408163265306030e+02
-8.448979591836734926e+02 7.536938775510203641e+02 7.632244897959184300e+02
-8.186326530612244596e+02 7.238979591836734926e+02 7.914081632653061433e+02
-7.923673469387755404e+02 6.941020408163265074e+02 8.195918367346938567e+02
-7.661020408163265074e+02 6.643061224489796359e+02 8.477755102040816837e+02
-7.398367346938775881e+02 6.345102040816326507e+02 8.759591836734693970e+02
-7.135714285714285552e+02 6.047142857142856656e+02 9.041428571428571104e+02
-6.873061224489796359e+02 5.749183673469387941e+02 9.323265306122449374e+02
-6.610408163265306030e+02 5.451224489795918089e+02 9.605102040816326507e+02
-6.347755102040816837e+02 5.153265306122449374e+02 9.886938775510204778e+02
-6.085102040816326507e+02 4.855306122448979522e+02 1.016877551020408191e+03
-5.822448979591836178e+02 4.557346938775509670e+02 1.045061224489795904e+03
-5.559795918367346985e+02 4.259387755102040956e+02 1.073244897959183618e+03
-5.297142857142856656e+02 3.961428571428571104e+02 1.101428571428571558e+03
-5.034489795918367463e+02 3.663469387755101252e+02 1.129612244897959272e+03
-4.771836734693877133e+02 3.365510204081633674e+02 1.157795918367346985e+03
-4.509183673469387941e+02 3.067551020408163822e+02 1.185979591836734699e+03
-4.246530612244898748e+02 2.769591836734693970e+02 1.214163265306122412e+03
-3.983877551020407282e+02 2.471632653061224119e+02 1.242346938775510353e+03
-3.721224489795918089e+02 2.173673469387754267e+02 1.270530612244898066e+03
-3.458571428571428896e+02 1.875714285714286689e+02 1.298714285714285779e+03
-3.195918367346939704e+02 1.577755102040816837e+02 1.326897959183673493e+03
-2.933265306122448237e+02 1.279795918367346985e+02 1.355081632653061206e+03
-2.670612244897959044e+02 9.818367346938771334e+01 1.383265306122448919e+03
-2.407959183673469852e+02 6.838775510204072816e+01 1.411448979591836860e+03
-2.145306122448980659e+02 3.859183673469397036e+01 1.439632653061224573e+03
-1.882653061224489193e+02 8.795918367346985178e+00 1.467816326530612287e+03
-1.620000000000000000e+02 -2.100000000000000000e+01 1.496000000000000000e+03
