2.670000000000000000e+02 6.500000000000000000e+02 1.005000000000000000e+03
2.907142857142857224e+02 6.706530612244897611e+02 9.737551020408163822e+02
3.144285714285714448e+02 6.913061224489796359e+02 9.425102040816326507e+02
3.381428571428571104e+02 7.119591836734693970e+02 9.112653061224489193e+02
3.618571428571428896e+02 7.326122448979591582e+02 8.800204081632653015e+02
3.855714285714285552e+02 7.532653061224489193e+02 8.487755102040816837e+02
4.092857142857142776e+02 7.739183673469387941e+02 8.175306122448979522e+02
4.330000000000000000e+02 7.945714285714285552e+02 7.862857142857142208e+02
4.567142857142857224e+02 8.152244897959183163e+02 7.550408163265306030e+02
4.804285714285714448e+02 8.358775510204081911e+02 7.237959183673469852e+02
5.041428571428571672e+02 8.565306122448979522e+02 6.925510204081632537e+02
5.278571428571428896e+02 8.771836734693877133e+02 6.613061224489795222e+02
5.515714285714285552e+02 8.978367346938775881e+02 6.300612244897959044e+02
5.752857142857142208e+02 9.184897959183673493e+02 5.988163265306122867e+02
5.990000000000000000e+02 9.391428571428571104e+02 5.675714285714285552e+02
6.227142857142857792e+02 9.597959183673469852e+02 5.363265306122448237e+02
6.464285714285714448e+02 9.804489795918367463e+02 5.050816326530612059e+02
6.701428571428571104e+02 1.001102040816326507e+03 4.738367346938775881e+02
6.938571428571428896e+02 1.021755102040816382e+03 4.425918367346938567e+02
7.175714285714286689e+02 1.042408163265306030e+03 4.113469387755101252e+02
7.412857142857143344e+02 1.063061224489795904e+03 3.801020408163265074e+02
7.650000000000000000e+02 1.083714285714285779e+03 3.488571428571428896e+02
7.887142857142857792e+02 1.104367346938775427e+03 3.176122448979591582e+02
8.124285714285714448e+02 1.125020408163265301e+03 2.863673469387754267e+02
8.361428571428571104e+02 1.145673469387755176e+03 2.551224489795918089e+02
8.598571428571428896e+02 1.166326530612244824e+03 2.238775510204081911e+02
8.835714285714285552e+02 1.186979591836734699e+03 1.926326530612244596e+02
9.072857142857143344e+02 1.207632653061224573e+03 1.613877551020407282e+02
9.310000000000000000e+02 1.228285714285714221e+03 1.301428571428571104e+02
9.547142857142857792e+02 1.248938775510204096e+03 9.889795918367349259e+01
9.784285714285714448e+02 1.269591836734693970e+03 6.765306122448976112e+01
1.002142857142857224e+03 1.290244897959183618e+03 3.640816326530602964e+01
1.025857142857142890e+03 1.310897959183673493e+03 5.163265306122411857e+00
1.049571428571428442e+03 1.331551020408163367e+03 -2.608163265306120593e+01
1.073285714285714221e+03 1.352204081632653015e+03 -5.732653061224482371e+01
1.097000000000000000e+03 1.372857142857142890e+03 -8.857142857142866887e+01
1.120714285714285779e+03 1.393510204081632764e+03 -1.198163265306122867e+02
1.144428571428571558e+03 1.414163265306122412e+03 -1.510612244897959044e+02
1.168142857142857338e+03 1.434816326530612287e+03 -1.823061224489797496e+02
1.191857142857142890e+03 1.455469387755102161e+03 -2.135510204081633674e+02
1.215571428571428669e+03 1.476122448979591809e+03 -2.447959183673469852e+02
1.239285714285714221e+03 1.496775510204081684e+03 -2.760408163265306030e+02
1.263000000000000000e+03 1.517428571428571558e+03 -3.072857142857142208e+02
1.286714285714285779e+03 1.538081632653061206e+03 -3.385306122448980659e+02
1.310428571428571558e+03 1.558734693877551081e+03 -3.697755102040816837e+02
1.334142857142857110e+03 1.579387755102040956e+03 -4.010204081632653015e+02
1.357857142857142890e+03 1.600040816326530603e+03 -4.322653061224491466e+02
1.381571428571428669e+03 1.620693877551020478e+03 -4.635102040816327644e+02
1.405285714285714221e+03 1.641346938775510353e+03 -4.947551020408163822e+02
1.429000000000000000e+03 1.662000000000000000e+03 -5.260000000000000000e+02
