2.300000000000000000e+01 1.338000000000000000e+03 8.400000000000000000e+01
-1.002040816326530859e+01 1.316530612244898066e+03 1.073877551020408134e+02
-4.304081632653061718e+01 1.295061224489795904e+03 1.307755102040816269e+02
-7.606122448979593287e+01 1.273591836734693970e+03 1.541632653061224687e+02
-1.090816326530612344e+02 1.252122448979591809e+03 1.775510204081632537e+02
-1.421020408163265358e+02 1.230653061224489875e+03 2.009387755102040956e+02
-1.751224489795918657e+02 1.209183673469387713e+03 2.243265306122449090e+02
-2.081428571428571672e+02 1.187714285714285779e+03 2.477142857142857224e+02
-2.411632653061224687e+02 1.166244897959183618e+03 2.711020408163265074e+02
-2.741836734693877702e+02 1.144775510204081684e+03 2.944897959183673493e+02
-3.072040816326530717e+02 1.123306122448979522e+03 3.178775510204081911e+02
-3.402244897959183731e+02 1.101836734693877588e+03 3.412653061224489761e+02
-3.732448979591837315e+02 1.080367346938775427e+03 3.646530612244898180e+02
-4.062653061224490330e+02 1.058897959183673493e+03 3.880408163265306030e+02
-4.392857142857143344e+02 1.037428571428571558e+03 4.114285714285714448e+02
-4.723061224489796359e+02 1.015959183673469397e+03 4.348163265306122298e+02
-5.053265306122449374e+02 9.944897959183673493e+02 4.582040816326530717e+02
-5.383469387755102389e+02 9.730204081632653015e+02 4.815918367346939135e+02
-5.713673469387755404e+02 9.515510204081632537e+02 5.049795918367346985e+02
-6.043877551020408418e+02 9.300816326530612059e+02 5.283673469387755404e+02
-6.374081632653061433e+02 9.086122448979591582e+02 5.517551020408163822e+02
-6.704285714285714448e+02 8.871428571428571104e+02 5.751428571428571104e+02
-7.034489795918367463e+02 8.656734693877551763e+02 5.985306122448979522e+02
-7.364693877551020478e+02 8.442040816326530148e+02 6.219183673469387941e+02
-7.694897959183674629e+02 8.227346938775510807e+02 6.453061224489796359e+02
-8.025102040816327644e+02 8.012653061224490330e+02 6.686938775510204778e+02
-8.355306122448980659e+02 7.797959183673469852e+02 6.920816326530612059e+02
-8.685510204081633674e+02 7.583265306122449374e+02 7.154693877551020478e+02
-9.015714285714286689e+02 7.368571428571428896e+02 7.388571428571428896e+02
-9.345918367346939704e+02 7.153877551020408418e+02 7.622448979591837315e+02
-9.676122448979592718e+02 6.939183673469387941e+02 7.856326530612244596e+02
-1.000632653061224573e+03 6.724489795918367463e+02 8.090204081632653015e+02
-1.033653061224489875e+03 6.509795918367346985e+02 8.324081632653061433e+02
-1.066673469387755176e+03 6.295102040816326507e+02 8.557959183673469852e+02
-1.099693877551020478e+03 6.080408163265306030e+02 8.791836734693878270e+02
-1.132714285714285779e+03 5.865714285714285552e+02 9.025714285714285552e+02
-1.165734693877551081e+03 5.651020408163265074e+02 9.259591836734693970e+02
-1.198755102040816382e+03 5.436326530612244596e+02 9.493469387755102389e+02
-1.231775510204081684e+03 5.221632653061224119e+02 9.727346938775510807e+02
-1.264795918367346985e+03 5.006938775510203641e+02 9.961224489795918089e+02
-1.297816326530612287e+03 4.792244897959183163e+02 1.019510204081632651e+03
-1.330836734693877588e+03 4.577551020408163822e+02 1.042897959183673493e+03
-1.363857142857142890e+03 4.362857142857143344e+02 1.066285714285714221e+03
-1.396877551020408191e+03 4.148163265306122867e+02 1.089673469387755176e+03
-1.429897959183673493e+03 3.933469387755102389e+02 1.113061224489795904e+03
-1.462918367346938794e+03 3.718775510204081911e+02 1.136448979591836860e+03
-1.495938775510204096e+03 3.504081632653061433e+02 1.159836734693877588e+03
-1.528959183673469397e+03 3.289387755102040956e+02 1.183224489795918316e+03
-1.561979591836734926e+03 3.074693877551021615e+02 1.206612244897959272e+03
-1.595000000000000000e+03 2.860000000000000000e+02 1.230000000000000000e+03
