-8.100000000000000000e+01 5.440000000000000000e+02 -4.980000000000000000e+02
-4.857142857142856940e+01 5.660816326530612059e+02 -4.682857142857142776e+02
-1.614285714285713880e+01 5.881632653061224119e+02 -4.385714285714285552e+02
1.628571428571429180e+01 6.102448979591836178e+02 -4.088571428571428896e+02
4.871428571428572241e+01 6.323265306122449374e+02 -3.791428571428571104e+02
8.114285714285716722e+01 6.544081632653061433e+02 -3.494285714285714448e+02
1.135714285714285836e+02 6.764897959183673493e+02 -3.197142857142857224e+02
1.460000000000000000e+02 6.985714285714285552e+02 -2.900000000000000000e+02
1.784285714285714448e+02 7.206530612244897611e+02 -2.602857142857142776e+02
2.108571428571428896e+02 7.427346938775510807e+02 -2.305714285714285552e+02
2.432857142857143344e+02 7.648163265306122867e+02 -2.008571428571428328e+02
2.757142857142857224e+02 7.868979591836734926e+02 -1.711428571428571104e+02
3.081428571428571672e+02 8.089795918367346985e+02 -1.414285714285714448e+02
3.405714285714286120e+02 8.310612244897959044e+02 -1.117142857142857224e+02
3.730000000000000000e+02 8.531428571428571104e+02 -8.200000000000000000e+01
4.054285714285714448e+02 8.752244897959183163e+02 -5.228571428571427759e+01
4.378571428571428896e+02 8.973061224489795222e+02 -2.257142857142855519e+01
4.702857142857143344e+02 9.193877551020407282e+02 7.142857142857167219e+00
5.027142857142857792e+02 9.414693877551020478e+02 3.685714285714288962e+01
5.351428571428572241e+02 9.635510204081632537e+02 6.657142857142855519e+01
5.675714285714286689e+02 9.856326530612244596e+02 9.628571428571433444e+01
6.000000000000000000e+02 1.007714285714285779e+03 1.260000000000000000e+02
6.324285714285714448e+02 1.029795918367346985e+03 1.557142857142857792e+02
6.648571428571428896e+02 1.051877551020408191e+03 1.854285714285714448e+02
6.972857142857143344e+02 1.073959183673469397e+03 2.151428571428571104e+02
7.297142857142857792e+02 1.096040816326530603e+03 2.448571428571428896e+02
7.621428571428572241e+02 1.118122448979591809e+03 2.745714285714285552e+02
7.945714285714286689e+02 1.140204081632653015e+03 3.042857142857143344e+02
8.270000000000000000e+02 1.162285714285714221e+03 3.340000000000000000e+02
8.594285714285714448e+02 1.184367346938775427e+03 3.637142857142857792e+02
8.918571428571428896e+02 1.206448979591836633e+03 3.934285714285714448e+02
9.242857142857143344e+02 1.228530612244897839e+03 4.231428571428572241e+02
9.567142857142857792e+02 1.250612244897959044e+03 4.528571428571428896e+02
9.891428571428571104e+02 1.272693877551020250e+03 4.825714285714285552e+02
1.021571428571428669e+03 1.294775510204081456e+03 5.122857142857143344e+02
1.054000000000000000e+03 1.316857142857142662e+03 5.420000000000000000e+02
1.086428571428571558e+03 1.338938775510204096e+03 5.717142857142857792e+02
1.118857142857142890e+03 1.361020408163265301e+03 6.014285714285715585e+02
1.151285714285714448e+03 1.383102040816326507e+03 6.311428571428571104e+02
1.183714285714285779e+03 1.405183673469387713e+03 6.608571428571428896e+02
1.216142857142857338e+03 1.427265306122448919e+03 6.905714285714286689e+02
1.248571428571428669e+03 1.449346938775510125e+03 7.202857142857142208e+02
1.281000000000000000e+03 1.471428571428571558e+03 7.500000000000000000e+02
1.313428571428571558e+03 1.493510204081632764e+03 7.797142857142857792e+02
1.345857142857142890e+03 1.515591836734693970e+03 8.094285714285715585e+02
1.378285714285714448e+03 1.537673469387755176e+03 8.391428571428571104e+02
1.410714285714285779e+03 1.559755102040816382e+03 8.688571428571428896e+02
1.443142857142857338e+03 1.581836734693877588e+03 8.985714285714286689e+02
1.475571428571428669e+03 1.603918367346938794e+03 9.282857142857142208e+02
1.508000000000000000e+03 1.626000000000000000e+03 9.580000000000000000e+02
