2.970000000000000000e+02 4.860000000000000000e+02 1.044000000000000000e+03
3.194897959183673493e+02 5.226122448979591582e+02 1.012142857142857110e+03
3.419795918367346985e+02 5.592244897959183163e+02 9.802857142857143344e+02
3.644693877551020478e+02 5.958367346938775881e+02 9.484285714285714448e+02
3.869591836734693970e+02 6.324489795918367463e+02 9.165714285714285552e+02
4.094489795918367463e+02 6.690612244897959044e+02 8.847142857142857792e+02
4.319387755102040956e+02 7.056734693877551763e+02 8.528571428571428896e+02
4.544285714285714448e+02 7.422857142857143344e+02 8.210000000000000000e+02
4.769183673469387941e+02 7.788979591836734926e+02 7.891428571428571104e+02
4.994081632653061433e+02 8.155102040816326507e+02 7.572857142857142208e+02
5.218979591836734926e+02 8.521224489795918089e+02 7.254285714285714448e+02
5.443877551020408418e+02 8.887346938775510807e+02 6.935714285714285552e+02
5.668775510204081911e+02 9.253469387755102389e+02 6.617142857142857792e+02
5.893673469387754267e+02 9.619591836734693970e+02 6.298571428571428896e+02
6.118571428571428896e+02 9.985714285714286689e+02 5.980000000000000000e+02
6.343469387755101252e+02 1.035183673469387941e+03 5.661428571428571104e+02
6.568367346938775881e+02 1.071795918367346985e+03 5.342857142857142208e+02
6.793265306122448237e+02 1.108408163265306030e+03 5.024285714285714448e+02
7.018163265306122867e+02 1.145020408163265301e+03 4.705714285714285552e+02
7.243061224489795222e+02 1.181632653061224573e+03 4.387142857142856656e+02
7.467959183673469852e+02 1.218244897959183618e+03 4.068571428571428896e+02
7.692857142857142208e+02 1.254857142857142890e+03 3.750000000000000000e+02
7.917755102040816837e+02 1.291469387755102161e+03 3.431428571428571104e+02
8.142653061224489193e+02 1.328081632653061206e+03 3.112857142857142208e+02
8.367551020408162685e+02 1.364693877551020478e+03 2.794285714285714448e+02
8.592448979591836178e+02 1.401306122448979750e+03 2.475714285714285552e+02
8.817346938775509670e+02 1.437918367346938794e+03 2.157142857142856656e+02
9.042244897959183163e+02 1.474530612244898066e+03 1.838571428571428896e+02
9.267142857142856656e+02 1.511142857142857338e+03 1.520000000000000000e+02
9.492040816326530148e+02 1.547755102040816382e+03 1.201428571428571104e+02
9.716938775510203641e+02 1.584367346938775654e+03 8.828571428571422075e+01
9.941836734693877133e+02 1.620979591836734699e+03 5.642857142857144481e+01
1.016673469387755063e+03 1.657591836734693970e+03 2.457142857142855519e+01
1.039163265306122412e+03 1.694204081632653242e+03 -7.285714285714220750e+00
1.061653061224489647e+03 1.730816326530612287e+03 -3.914285714285711038e+01
1.084142857142857110e+03 1.767428571428571558e+03 -7.100000000000000000e+01
1.106632653061224573e+03 1.804040816326530603e+03 -1.028571428571428896e+02
1.129122448979591809e+03 1.840653061224489875e+03 -1.347142857142857792e+02
1.151612244897959044e+03 1.877265306122449147e+03 -1.665714285714286689e+02
1.174102040816326507e+03 1.913877551020408191e+03 -1.984285714285715585e+02
1.196591836734693970e+03 1.950489795918367463e+03 -2.302857142857142208e+02
1.219081632653061206e+03 1.987102040816326735e+03 -2.621428571428571104e+02
1.241571428571428442e+03 2.023714285714285779e+03 -2.940000000000000000e+02
1.264061224489795904e+03 2.060326530612244824e+03 -3.258571428571428896e+02
1.286551020408163367e+03 2.096938775510204323e+03 -3.577142857142857792e+02
1.309040816326530603e+03 2.133551020408163367e+03 -3.895714285714286689e+02
1.331530612244897839e+03 2.170163265306122412e+03 -4.214285714285715585e+02
1.354020408163265301e+03 2.206775510204081911e+03 -4.532857142857142208e+02
1.376510204081632537e+03 2.243387755102040956e+03 -4.851428571428571104e+02
1.399000000000000000e+03 2.280000000000000000e+03 -5.170000000000000000e+02
