3.530000000000000000e+02 1.390000000000000000e+02 1.569000000000000000e+03
3.129591836734693970e+02 1.646938775510204209e+02 1.535591836734693970e+03
2.729183673469387941e+02 1.903877551020408134e+02 1.502183673469387713e+03
2.328775510204081627e+02 2.160816326530612059e+02 1.468775510204081684e+03
1.928367346938775597e+02 2.417755102040816269e+02 1.435367346938775427e+03
1.527959183673469568e+02 2.674693877551020478e+02 1.401959183673469397e+03
1.127551020408163254e+02 2.931632653061224119e+02 1.368551020408163367e+03
7.271428571428572241e+01 3.188571428571428328e+02 1.335142857142857110e+03
3.267346938775511944e+01 3.445510204081632537e+02 1.301734693877551081e+03
-7.367346938775483522e+00 3.702448979591836746e+02 1.268326530612244824e+03
-4.740816326530608649e+01 3.959387755102040956e+02 1.234918367346938794e+03
-8.744897959183668945e+01 4.216326530612244596e+02 1.201510204081632764e+03
-1.274897959183673493e+02 4.473265306122448806e+02 1.168102040816326507e+03
-1.675306122448979522e+02 4.730204081632653015e+02 1.134693877551020478e+03
-2.075714285714285552e+02 4.987142857142856656e+02 1.101285714285714221e+03
-2.476122448979591582e+02 5.244081632653060296e+02 1.067877551020408191e+03
-2.876530612244897611e+02 5.501020408163265074e+02 1.034469387755102161e+03
-3.276938775510203641e+02 5.757959183673469852e+02 1.001061224489795904e+03
-3.677346938775509670e+02 6.014897959183673493e+02 9.676530612244897611e+02
-4.077755102040815700e+02 6.271836734693877133e+02 9.342448979591837315e+02
-4.478163265306121730e+02 6.528775510204081911e+02 9.008367346938775881e+02
-4.878571428571427759e+02 6.785714285714285552e+02 8.674285714285714448e+02
-5.278979591836733789e+02 7.042653061224489193e+02 8.340204081632653015e+02
-5.679387755102039819e+02 7.299591836734693970e+02 8.006122448979591582e+02
-6.079795918367346985e+02 7.556530612244897611e+02 7.672040816326530148e+02
-6.480204081632653015e+02 7.813469387755101252e+02 7.337959183673469852e+02
-6.880612244897959044e+02 8.070408163265306030e+02 7.003877551020408418e+02
-7.281020408163265074e+02 8.327346938775509670e+02 6.669795918367346985e+02
-7.681428571428571104e+02 8.584285714285713311e+02 6.335714285714285552e+02
-8.081836734693877133e+02 8.841224489795918089e+02 6.001632653061224119e+02
-8.482244897959183163e+02 9.098163265306121730e+02 5.667551020408163822e+02
-8.882653061224489193e+02 9.355102040816326507e+02 5.333469387755101252e+02
-9.283061224489795222e+02 9.612040816326530148e+02 4.999387755102040956e+02
-9.683469387755101252e+02 9.868979591836733789e+02 4.665306122448980659e+02
-1.008387755102040728e+03 1.012591836734693857e+03 4.331224489795918089e+02
-1.048428571428571331e+03 1.038285714285714221e+03 3.997142857142857792e+02
-1.088469387755101934e+03 1.063979591836734699e+03 3.663061224489795222e+02
-1.128510204081632537e+03 1.089673469387755176e+03 3.328979591836734926e+02
-1.168551020408163140e+03 1.115367346938775427e+03 2.994897959183674629e+02
-1.208591836734693743e+03 1.141061224489795904e+03 2.660816326530612059e+02
-1.248632653061224346e+03 1.166755102040816382e+03 2.326734693877551763e+02
-1.288673469387754949e+03 1.192448979591836633e+03 1.992653061224489193e+02
-1.328714285714285552e+03 1.218142857142857110e+03 1.658571428571428896e+02
-1.368755102040816155e+03 1.243836734693877588e+03 1.324489795918368600e+02
-1.408795918367346758e+03 1.269530612244897839e+03 9.904081632653060296e+01
-1.448836734693877361e+03 1.295224489795918316e+03 6.563265306122457332e+01
-1.488877551020407964e+03 1.320918367346938794e+03 3.222448979591831630e+01
-1.528918367346938567e+03 1.346612244897959044e+03 -1.183673469387713340e+00
-1.568959183673469397e+03 1.372306122448979522e+03 -3.459183673469397036e+01
-1.609000000000000000e+03 1.398000000000000000e+03 -6.800000000000000000e+01
