1.245000000000000000e+03 8.340000000000000000e+02 8.490000000000000000e+02
1.218530612244898066e+03 8.561224489795918089e+02 8.207959183673469852e+02
1.192061224489795904e+03 8.782448979591836178e+02 7.925918367346938567e+02
1.165591836734693970e+03 9.003673469387755404e+02 7.643877551020408418e+02
1.139122448979591809e+03 9.224897959183673493e+02 7.361836734693877133e+02
1.112653061224489875e+03 9.446122448979591582e+02 7.079795918367346985e+02
1.086183673469387713e+03 9.667346938775510807e+02 6.797755102040816837e+02
1.059714285714285779e+03 9.888571428571428896e+02 6.515714285714285552e+02
1.033244897959183618e+03 1.010979591836734699e+03 6.233673469387755404e+02
1.006775510204081684e+03 1.033102040816326507e+03 5.951632653061224119e+02
9.803061224489795222e+02 1.055224489795918316e+03 5.669591836734693970e+02
9.538367346938775881e+02 1.077346938775510125e+03 5.387551020408163822e+02
9.273673469387755404e+02 1.099469387755102161e+03 5.105510204081632537e+02
9.008979591836734926e+02 1.121591836734693970e+03 4.823469387755101820e+02
8.744285714285714448e+02 1.143714285714285779e+03 4.541428571428571672e+02
8.479591836734693970e+02 1.165836734693877588e+03 4.259387755102040956e+02
8.214897959183673493e+02 1.187959183673469397e+03 3.977346938775510239e+02
7.950204081632653015e+02 1.210081632653061206e+03 3.695306122448979522e+02
7.685510204081632537e+02 1.232204081632653015e+03 3.413265306122448806e+02
7.420816326530612059e+02 1.254326530612244824e+03 3.131224489795918089e+02
7.156122448979591582e+02 1.276448979591836633e+03 2.849183673469387941e+02
6.891428571428571104e+02 1.298571428571428442e+03 2.567142857142856656e+02
6.626734693877550626e+02 1.320693877551020478e+03 2.285102040816326507e+02
6.362040816326530148e+02 1.342816326530612287e+03 2.003061224489796359e+02
6.097346938775510807e+02 1.364938775510204096e+03 1.721020408163265074e+02
5.832653061224490330e+02 1.387061224489795904e+03 1.438979591836734926e+02
5.567959183673469852e+02 1.409183673469387713e+03 1.156938775510203641e+02
5.303265306122449374e+02 1.431306122448979750e+03 8.748979591836734926e+01
5.038571428571428896e+02 1.453428571428571558e+03 5.928571428571433444e+01
4.773877551020408418e+02 1.475551020408163367e+03 3.108163265306120593e+01
4.509183673469387941e+02 1.497673469387755176e+03 2.877551020408191107e+00
4.244489795918367463e+02 1.519795918367346985e+03 -2.532653061224493740e+01
3.979795918367346985e+02 1.541918367346938794e+03 -5.353061224489795222e+01
3.715102040816326507e+02 1.564040816326530603e+03 -8.173469387755096704e+01
3.450408163265306030e+02 1.586163265306122412e+03 -1.099387755102040956e+02
3.185714285714285552e+02 1.608285714285714221e+03 -1.381428571428571104e+02
2.921020408163265074e+02 1.630408163265306030e+03 -1.663469387755102389e+02
2.656326530612244596e+02 1.652530612244897839e+03 -1.945510204081633674e+02
2.391632653061224119e+02 1.674653061224489875e+03 -2.227551020408163822e+02
2.126938775510204778e+02 1.696775510204081684e+03 -2.509591836734693970e+02
1.862244897959183163e+02 1.718897959183673493e+03 -2.791632653061224119e+02
1.597551020408163822e+02 1.741020408163265301e+03 -3.073673469387754267e+02
1.332857142857142208e+02 1.763142857142857110e+03 -3.355714285714286689e+02
1.068163265306122867e+02 1.785265306122449147e+03 -3.637755102040816837e+02
8.034693877551012520e+01 1.807387755102040956e+03 -3.919795918367346985e+02
5.387755102040819111e+01 1.829510204081632764e+03 -4.201836734693877133e+02
2.740816326530602964e+01 1.851632653061224573e+03 -4.483877551020407282e+02
9.387755102040955535e-01 1.873755102040816382e+03 -4.765918367346939704e+02
-2.553061224489783854e+01 1.895877551020408191e+03 -5.047959183673469852e+02
-5.200000000000000000e+01 1.918000000000000000e+03 -5.330000000000000000e+02
