-2.043000000000000000e+03 1.541000000000000000e+03 4.730000000000000000e+02
-2.017081632653061206e+03 1.514734693877551081e+03 4.470612244897959044e+02
-1.991163265306122412e+03 1.488469387755101934e+03 4.211224489795918089e+02
-1.965244897959183618e+03 1.462204081632653015e+03 3.951836734693877702e+02
-1.939326530612244824e+03 1.435938775510204096e+03 3.692448979591836746e+02
-1.913408163265306030e+03 1.409673469387755176e+03 3.433061224489795791e+02
-1.887489795918367236e+03 1.383408163265306030e+03 3.173673469387755404e+02
-1.861571428571428442e+03 1.357142857142857110e+03 2.914285714285714448e+02
-1.835653061224489875e+03 1.330877551020408191e+03 2.654897959183673493e+02
-1.809734693877551081e+03 1.304612244897959272e+03 2.395510204081632537e+02
-1.783816326530612287e+03 1.278346938775510125e+03 2.136122448979591582e+02
-1.757897959183673493e+03 1.252081632653061206e+03 1.876734693877551194e+02
-1.731979591836734699e+03 1.225816326530612287e+03 1.617346938775510239e+02
-1.706061224489795904e+03 1.199551020408163367e+03 1.357959183673469283e+02
-1.680142857142857110e+03 1.173285714285714221e+03 1.098571428571428896e+02
-1.654224489795918316e+03 1.147020408163265301e+03 8.391836734693879407e+01
-1.628306122448979522e+03 1.120755102040816382e+03 5.797959183673469852e+01
-1.602387755102040728e+03 1.094489795918367236e+03 3.204081632653060296e+01
-1.576469387755102161e+03 1.068224489795918316e+03 6.102040816326507411e+00
-1.550551020408163367e+03 1.041959183673469397e+03 -1.983673469387753130e+01
-1.524632653061224573e+03 1.015693877551020364e+03 -4.577551020408168370e+01
-1.498714285714285779e+03 9.894285714285714448e+02 -7.171428571428566556e+01
-1.472795918367346985e+03 9.631632653061224119e+02 -9.765306122448976112e+01
-1.446877551020408191e+03 9.368979591836734926e+02 -1.235918367346938567e+02
-1.420959183673469397e+03 9.106326530612244596e+02 -1.495306122448979522e+02
-1.395040816326530603e+03 8.843673469387755404e+02 -1.754693877551020478e+02
-1.369122448979591809e+03 8.581020408163265074e+02 -2.014081632653061433e+02
-1.343204081632653015e+03 8.318367346938775881e+02 -2.273469387755102389e+02
-1.317285714285714221e+03 8.055714285714285552e+02 -2.532857142857142208e+02
-1.291367346938775427e+03 7.793061224489796359e+02 -2.792244897959183163e+02
-1.265448979591836633e+03 7.530408163265306030e+02 -3.051632653061224119e+02
-1.239530612244897839e+03 7.267755102040816837e+02 -3.311020408163265074e+02
-1.213612244897959044e+03 7.005102040816326507e+02 -3.570408163265306030e+02
-1.187693877551020250e+03 6.742448979591836178e+02 -3.829795918367346985e+02
-1.161775510204081456e+03 6.479795918367346985e+02 -4.089183673469387941e+02
-1.135857142857142662e+03 6.217142857142856656e+02 -4.348571428571428896e+02
-1.109938775510204096e+03 5.954489795918367463e+02 -4.607959183673469852e+02
-1.084020408163265301e+03 5.691836734693877133e+02 -4.867346938775509670e+02
-1.058102040816326507e+03 5.429183673469387941e+02 -5.126734693877550626e+02
-1.032183673469387713e+03 5.166530612244898748e+02 -5.386122448979591582e+02
-1.006265306122448919e+03 4.903877551020407282e+02 -5.645510204081633674e+02
-9.803469387755101252e+02 4.641224489795918089e+02 -5.904897959183672356e+02
-9.544285714285713311e+02 4.378571428571428896e+02 -6.164285714285713311e+02
-9.285102040816325371e+02 4.115918367346939704e+02 -6.423673469387754267e+02
-9.025918367346937430e+02 3.853265306122448237e+02 -6.683061224489795222e+02
-8.766734693877551763e+02 3.590612244897959044e+02 -6.942448979591836178e+02
-8.507551020408163822e+02 3.327959183673469852e+02 -7.201836734693877133e+02
-8.248367346938775881e+02 3.065306122448980659e+02 -7.461224489795918089e+02
-7.989183673469387941e+02 2.802653061224489193e+02 -7.720612244897959044e+02
-7.730000000000000000e+02 2.540000000000000000e+02 -7.980000000000000000e+02
