-4.940000000000000000e+02 1.124000000000000000e+03 -5.530000000000000000e+02
-5.224489795918367463e+02 1.102897959183673493e+03 -5.249795918367346985e+02
-5.508979591836734926e+02 1.081795918367346985e+03 -4.969591836734693970e+02
-5.793469387755102389e+02 1.060693877551020478e+03 -4.689387755102040956e+02
-6.077959183673469852e+02 1.039591836734693970e+03 -4.409183673469387941e+02
-6.362448979591836178e+02 1.018489795918367349e+03 -4.128979591836734926e+02
-6.646938775510204778e+02 9.973877551020408418e+02 -3.848775510204081911e+02
-6.931428571428571104e+02 9.762857142857142208e+02 -3.568571428571428896e+02
-7.215918367346938567e+02 9.551836734693877133e+02 -3.288367346938775881e+02
-7.500408163265306030e+02 9.340816326530612059e+02 -3.008163265306122867e+02
-7.784897959183673493e+02 9.129795918367346985e+02 -2.727959183673469283e+02
-8.069387755102040956e+02 8.918775510204081911e+02 -2.447755102040816269e+02
-8.353877551020408418e+02 8.707755102040816837e+02 -2.167551020408163254e+02
-8.638367346938775881e+02 8.496734693877550626e+02 -1.887346938775510239e+02
-8.922857142857142208e+02 8.285714285714285552e+02 -1.607142857142857224e+02
-9.207346938775510807e+02 8.074693877551019341e+02 -1.326938775510204209e+02
-9.491836734693877133e+02 7.863673469387754267e+02 -1.046734693877551194e+02
-9.776326530612245733e+02 7.652653061224489193e+02 -7.665306122448981796e+01
-1.006081632653061206e+03 7.441632653061224119e+02 -4.863265306122451648e+01
-1.034530612244897839e+03 7.230612244897959044e+02 -2.061224489795915815e+01
-1.062979591836734699e+03 7.019591836734693970e+02 7.408163265306143330e+00
-1.091428571428571558e+03 6.808571428571428896e+02 3.542857142857144481e+01
-1.119877551020408191e+03 6.597551020408162685e+02 6.344897959183674629e+01
-1.148326530612244824e+03 6.386530612244897611e+02 9.146938775510204778e+01
-1.176775510204081684e+03 6.175510204081632537e+02 1.194897959183673493e+02
-1.205224489795918544e+03 5.964489795918367463e+02 1.475102040816326507e+02
-1.233673469387755176e+03 5.753469387755101252e+02 1.755306122448979522e+02
-1.262122448979591809e+03 5.542448979591836178e+02 2.035510204081632537e+02
-1.290571428571428442e+03 5.331428571428571104e+02 2.315714285714285552e+02
-1.319020408163265301e+03 5.120408163265306030e+02 2.595918367346938567e+02
-1.347469387755102161e+03 4.909387755102039819e+02 2.876122448979591582e+02
-1.375918367346938794e+03 4.698367346938774745e+02 3.156326530612244596e+02
-1.404367346938775427e+03 4.487346938775509670e+02 3.436530612244897611e+02
-1.432816326530612287e+03 4.276326530612244596e+02 3.716734693877550626e+02
-1.461265306122449147e+03 4.065306122448979522e+02 3.996938775510203641e+02
-1.489714285714285779e+03 3.854285714285713311e+02 4.277142857142856656e+02
-1.518163265306122412e+03 3.643265306122448237e+02 4.557346938775509670e+02
-1.546612244897959272e+03 3.432244897959183163e+02 4.837551020408163822e+02
-1.575061224489795904e+03 3.221224489795918089e+02 5.117755102040816837e+02
-1.603510204081632764e+03 3.010204081632651878e+02 5.397959183673469852e+02
-1.631959183673469397e+03 2.799183673469386804e+02 5.678163265306122867e+02
-1.660408163265306257e+03 2.588163265306121730e+02 5.958367346938775881e+02
-1.688857142857142890e+03 2.377142857142856656e+02 6.238571428571428896e+02
-1.717306122448979522e+03 2.166122448979591582e+02 6.518775510204081911e+02
-1.745755102040816382e+03 1.955102040816325371e+02 6.798979591836734926e+02
-1.774204081632653015e+03 1.744081632653060296e+02 7.079183673469387941e+02
-1.802653061224489875e+03 1.533061224489795222e+02 7.359387755102040956e+02
-1.831102040816326507e+03 1.322040816326530148e+02 7.639591836734693970e+02
-1.859551020408163367e+03 1.111020408163265074e+02 7.919795918367346985e+02
-1.888000000000000000e+03 9.000000000000000000e+01 8.200000000000000000e+02
