-1.034000000000000000e+03 1.698000000000000000e+03 1.005000000000000000e+03
-1.009183673469387713e+03 1.676428571428571331e+03 9.814285714285714448e+02
-9.843673469387755404e+02 1.654857142857142890e+03 9.578571428571428896e+02
-9.595510204081632537e+02 1.633285714285714221e+03 9.342857142857142208e+02
-9.347346938775510807e+02 1.611714285714285779e+03 9.107142857142856656e+02
-9.099183673469387941e+02 1.590142857142857110e+03 8.871428571428571104e+02
-8.851020408163265074e+02 1.568571428571428442e+03 8.635714285714285552e+02
-8.602857142857142208e+02 1.547000000000000000e+03 8.400000000000000000e+02
-8.354693877551020478e+02 1.525428571428571331e+03 8.164285714285714448e+02
-8.106530612244898748e+02 1.503857142857142890e+03 7.928571428571428896e+02
-7.858367346938775881e+02 1.482285714285714221e+03 7.692857142857142208e+02
-7.610204081632653015e+02 1.460714285714285779e+03 7.457142857142857792e+02
-7.362040816326530148e+02 1.439142857142857110e+03 7.221428571428571104e+02
-7.113877551020408418e+02 1.417571428571428442e+03 6.985714285714285552e+02
-6.865714285714285552e+02 1.396000000000000000e+03 6.750000000000000000e+02
-6.617551020408163822e+02 1.374428571428571331e+03 6.514285714285713311e+02
-6.369387755102040956e+02 1.352857142857142890e+03 6.278571428571428896e+02
-6.121224489795918089e+02 1.331285714285714221e+03 6.042857142857142208e+02
-5.873061224489796359e+02 1.309714285714285779e+03 5.807142857142856656e+02
-5.624897959183673493e+02 1.288142857142857110e+03 5.571428571428571104e+02
-5.376734693877551763e+02 1.266571428571428442e+03 5.335714285714285552e+02
-5.128571428571428896e+02 1.245000000000000000e+03 5.099999999999999432e+02
-4.880408163265306030e+02 1.223428571428571331e+03 4.864285714285714448e+02
-4.632244897959184300e+02 1.201857142857142890e+03 4.628571428571427759e+02
-4.384081632653061433e+02 1.180285714285714221e+03 4.392857142857142208e+02
-4.135918367346938567e+02 1.158714285714285779e+03 4.157142857142856656e+02
-3.887755102040816837e+02 1.137142857142857110e+03 3.921428571428571104e+02
-3.639591836734693970e+02 1.115571428571428442e+03 3.685714285714285552e+02
-3.391428571428571104e+02 1.094000000000000000e+03 3.450000000000000000e+02
-3.143265306122449374e+02 1.072428571428571331e+03 3.214285714285713311e+02
-2.895102040816326507e+02 1.050857142857142662e+03 2.978571428571427759e+02
-2.646938775510204778e+02 1.029285714285714221e+03 2.742857142857142208e+02
-2.398775510204081911e+02 1.007714285714285666e+03 2.507142857142856656e+02
-2.150612244897959044e+02 9.861428571428571104e+02 2.271428571428571104e+02
-1.902448979591837315e+02 9.645714285714285552e+02 2.035714285714285552e+02
-1.654285714285714448e+02 9.430000000000000000e+02 1.800000000000000000e+02
-1.406122448979592718e+02 9.214285714285713311e+02 1.564285714285713311e+02
-1.157959183673469852e+02 8.998571428571427759e+02 1.328571428571427759e+02
-9.097959183673469852e+01 8.782857142857142208e+02 1.092857142857142208e+02
-6.616326530612252554e+01 8.567142857142856656e+02 8.571428571428566556e+01
-4.134693877551023888e+01 8.351428571428571104e+02 6.214285714285711038e+01
-1.653061224489795222e+01 8.135714285714285552e+02 3.857142857142855519e+01
8.285714285714220750e+00 7.919999999999998863e+02 1.499999999999988631e+01
3.310204081632650741e+01 7.704285714285713311e+02 -8.571428571428668874e+00
5.791836734693879407e+01 7.488571428571427759e+02 -3.214285714285711038e+01
8.273469387755108073e+01 7.272857142857142208e+02 -5.571428571428577925e+01
1.075510204081631400e+02 7.057142857142856656e+02 -7.928571428571444812e+01
1.323673469387754267e+02 6.841428571428571104e+02 -1.028571428571428896e+02
1.571836734693877133e+02 6.625714285714284415e+02 -1.264285714285715585e+02
1.820000000000000000e+02 6.410000000000000000e+02 -1.500000000000000000e+02
