-1.030000000000000000e+03 -1.160000000000000000e+02 5.320000000000000000e+02
-1.053306122448979522e+03 -7.957142857142856940e+01 5.017142857142857224e+02
-1.076612244897959272e+03 -4.314285714285713880e+01 4.714285714285714448e+02
-1.099918367346938794e+03 -6.714285714285708195e+00 4.411428571428571104e+02
-1.123224489795918316e+03 2.971428571428572241e+01 4.108571428571428896e+02
-1.146530612244898066e+03 6.614285714285716722e+01 3.805714285714285552e+02
-1.169836734693877588e+03 1.025714285714285836e+02 3.502857142857142776e+02
-1.193142857142857110e+03 1.390000000000000000e+02 3.200000000000000000e+02
-1.216448979591836633e+03 1.754285714285714448e+02 2.897142857142857224e+02
-1.239755102040816382e+03 2.118571428571428896e+02 2.594285714285714448e+02
-1.263061224489795904e+03 2.482857142857143344e+02 2.291428571428571672e+02
-1.286367346938775427e+03 2.847142857142857224e+02 1.988571428571428896e+02
-1.309673469387755176e+03 3.211428571428571672e+02 1.685714285714285552e+02
-1.332979591836734699e+03 3.575714285714286120e+02 1.382857142857142776e+02
-1.356285714285714221e+03 3.940000000000000000e+02 1.080000000000000000e+02
-1.379591836734693970e+03 4.304285714285714448e+02 7.771428571428572241e+01
-1.402897959183673493e+03 4.668571428571428896e+02 4.742857142857144481e+01
-1.426204081632653015e+03 5.032857142857143344e+02 1.714285714285711038e+01
-1.449510204081632764e+03 5.397142857142857792e+02 -1.314285714285711038e+01
-1.472816326530612287e+03 5.761428571428572241e+02 -4.342857142857144481e+01
-1.496122448979591809e+03 6.125714285714286689e+02 -7.371428571428566556e+01
-1.519428571428571558e+03 6.490000000000000000e+02 -1.040000000000000000e+02
-1.542734693877551081e+03 6.854285714285714448e+02 -1.342857142857142208e+02
-1.566040816326530603e+03 7.218571428571428896e+02 -1.645714285714285552e+02
-1.589346938775510353e+03 7.582857142857143344e+02 -1.948571428571428896e+02
-1.612653061224489875e+03 7.947142857142857792e+02 -2.251428571428571104e+02
-1.635959183673469397e+03 8.311428571428572241e+02 -2.554285714285714448e+02
-1.659265306122449147e+03 8.675714285714286689e+02 -2.857142857142856656e+02
-1.682571428571428669e+03 9.040000000000000000e+02 -3.160000000000000000e+02
-1.705877551020408191e+03 9.404285714285715585e+02 -3.462857142857142208e+02
-1.729183673469387941e+03 9.768571428571428896e+02 -3.765714285714285552e+02
-1.752489795918367236e+03 1.013285714285714448e+03 -4.068571428571427759e+02
-1.775795918367346985e+03 1.049714285714285779e+03 -4.371428571428571104e+02
-1.799102040816326735e+03 1.086142857142857110e+03 -4.674285714285714448e+02
-1.822408163265306030e+03 1.122571428571428669e+03 -4.977142857142857792e+02
-1.845714285714285779e+03 1.159000000000000000e+03 -5.280000000000000000e+02
-1.869020408163265301e+03 1.195428571428571558e+03 -5.582857142857142208e+02
-1.892326530612244824e+03 1.231857142857142890e+03 -5.885714285714284415e+02
-1.915632653061224573e+03 1.268285714285714448e+03 -6.188571428571428896e+02
-1.938938775510204096e+03 1.304714285714285779e+03 -6.491428571428571104e+02
-1.962244897959183618e+03 1.341142857142857338e+03 -6.794285714285713311e+02
-1.985551020408163367e+03 1.377571428571428669e+03 -7.097142857142857792e+02
-2.008857142857142890e+03 1.414000000000000000e+03 -7.400000000000000000e+02
-2.032163265306122412e+03 1.450428571428571558e+03 -7.702857142857142208e+02
-2.055469387755102161e+03 1.486857142857142890e+03 -8.005714285714284415e+02
-2.078775510204081911e+03 1.523285714285714448e+03 -8.308571428571428896e+02
-2.102081632653061206e+03 1.559714285714285779e+03 -8.611428571428571104e+02
-2.125387755102040956e+03 1.596142857142857338e+03 -8.914285714285713311e+02
-2.148693877551020705e+03 1.632571428571428669e+03 -9.217142857142857792e+02
-2.172000000000000000e+03 1.669000000000000000e+03 -9.520000000000000000e+02
