-2.050000000000000000e+02 1.140000000000000000e+03 -5.520000000000000000e+02
-1.769183673469387656e+02 1.161040816326530603e+03 -5.249387755102040956e+02
-1.488367346938775597e+02 1.182081632653061206e+03 -4.978775510204081911e+02
-1.207551020408163254e+02 1.203122448979591809e+03 -4.708163265306122298e+02
-9.267346938775510523e+01 1.224163265306122412e+03 -4.437551020408163254e+02
-6.459183673469388509e+01 1.245204081632653015e+03 -4.166938775510204209e+02
-3.651020408163265074e+01 1.266244897959183618e+03 -3.896326530612244596e+02
-8.428571428571444812e+00 1.287285714285714221e+03 -3.625714285714285552e+02
1.965306122448978954e+01 1.308326530612244824e+03 -3.355102040816326507e+02
4.773469387755102389e+01 1.329367346938775427e+03 -3.084489795918367463e+02
7.581632653061222982e+01 1.350408163265306030e+03 -2.813877551020408418e+02
1.038979591836734357e+02 1.371448979591836633e+03 -2.543265306122448806e+02
1.319795918367346985e+02 1.392489795918367236e+03 -2.272653061224489761e+02
1.600612244897959044e+02 1.413530612244897839e+03 -2.002040816326530717e+02
1.881428571428571104e+02 1.434571428571428669e+03 -1.731428571428571104e+02
2.162244897959183731e+02 1.455612244897959272e+03 -1.460816326530612059e+02
2.443061224489795791e+02 1.476653061224489875e+03 -1.190204081632653015e+02
2.723877551020407850e+02 1.497693877551020478e+03 -9.195918367346939704e+01
3.004693877551020478e+02 1.518734693877551081e+03 -6.489795918367349259e+01
3.285510204081632537e+02 1.539775510204081684e+03 -3.783673469387758814e+01
3.566326530612244596e+02 1.560816326530612287e+03 -1.077551020408168370e+01
3.847142857142856656e+02 1.581857142857142890e+03 1.628571428571433444e+01
4.127959183673468715e+02 1.602897959183673493e+03 4.334693877551023888e+01
4.408775510204081911e+02 1.623938775510204096e+03 7.040816326530614333e+01
4.689591836734693970e+02 1.644979591836734699e+03 9.746938775510204778e+01
4.970408163265306030e+02 1.666020408163265301e+03 1.245306122448979522e+02
5.251224489795918089e+02 1.687061224489795904e+03 1.515918367346938567e+02
5.532040816326530148e+02 1.708102040816326735e+03 1.786530612244897611e+02
5.812857142857142208e+02 1.729142857142857338e+03 2.057142857142857792e+02
6.093673469387755404e+02 1.750183673469387941e+03 2.327755102040816837e+02
6.374489795918367463e+02 1.771224489795918544e+03 2.598367346938775881e+02
6.655306122448979522e+02 1.792265306122449147e+03 2.868979591836734926e+02
6.936122448979591582e+02 1.813306122448979750e+03 3.139591836734693970e+02
7.216938775510203641e+02 1.834346938775510353e+03 3.410204081632653015e+02
7.497755102040815700e+02 1.855387755102040956e+03 3.680816326530612059e+02
7.778571428571427759e+02 1.876428571428571558e+03 3.951428571428571104e+02
8.059387755102040956e+02 1.897469387755102161e+03 4.222040816326530148e+02
8.340204081632653015e+02 1.918510204081632764e+03 4.492653061224490330e+02
8.621020408163265074e+02 1.939551020408163367e+03 4.763265306122448237e+02
8.901836734693877133e+02 1.960591836734693970e+03 5.033877551020407282e+02
9.182653061224489193e+02 1.981632653061224573e+03 5.304489795918366326e+02
9.463469387755101252e+02 2.002673469387755176e+03 5.575102040816327644e+02
9.744285714285713311e+02 2.023714285714285779e+03 5.845714285714286689e+02
1.002510204081632537e+03 2.044755102040816382e+03 6.116326530612245733e+02
1.030591836734693743e+03 2.065795918367346985e+03 6.386938775510204778e+02
1.058673469387755176e+03 2.086836734693877588e+03 6.657551020408163822e+02
1.086755102040816382e+03 2.107877551020408191e+03 6.928163265306122867e+02
1.114836734693877588e+03 2.128918367346938794e+03 7.198775510204081911e+02
1.142918367346938794e+03 2.149959183673469397e+03 7.469387755102040956e+02
1.171000000000000000e+03 2.171000000000000000e+03 7.740000000000000000e+02
