8.060000000000000000e+02 4.020000000000000000e+02 1.291000000000000000e+03
7.832448979591836178e+02 4.256326530612244596e+02 1.261040816326530603e+03
7.604897959183673493e+02 4.492653061224489761e+02 1.231081632653061206e+03
7.377346938775510807e+02 4.728979591836734926e+02 1.201122448979591809e+03
7.149795918367346985e+02 4.965306122448979522e+02 1.171163265306122412e+03
6.922244897959183163e+02 5.201632653061224119e+02 1.141204081632653015e+03
6.694693877551020478e+02 5.437959183673469852e+02 1.111244897959183618e+03
6.467142857142857792e+02 5.674285714285714448e+02 1.081285714285714221e+03
6.239591836734693970e+02 5.910612244897959044e+02 1.051326530612244824e+03
6.012040816326530148e+02 6.146938775510203641e+02 1.021367346938775540e+03
5.784489795918367463e+02 6.383265306122448237e+02 9.914081632653061433e+02
5.556938775510204778e+02 6.619591836734693970e+02 9.614489795918367463e+02
5.329387755102040956e+02 6.855918367346938567e+02 9.314897959183673493e+02
5.101836734693877702e+02 7.092244897959183163e+02 9.015306122448979522e+02
4.874285714285714448e+02 7.328571428571428896e+02 8.715714285714286689e+02
4.646734693877551194e+02 7.564897959183673493e+02 8.416122448979592718e+02
4.419183673469387941e+02 7.801224489795918089e+02 8.116530612244898748e+02
4.191632653061224687e+02 8.037551020408162685e+02 7.816938775510204778e+02
3.964081632653061433e+02 8.273877551020407282e+02 7.517346938775510807e+02
3.736530612244898180e+02 8.510204081632653015e+02 7.217755102040816837e+02
3.508979591836734926e+02 8.746530612244897611e+02 6.918163265306122867e+02
3.281428571428571672e+02 8.982857142857142208e+02 6.618571428571428896e+02
3.053877551020408418e+02 9.219183673469387941e+02 6.318979591836734926e+02
2.826326530612245733e+02 9.455510204081632537e+02 6.019387755102040956e+02
2.598775510204081911e+02 9.691836734693877133e+02 5.719795918367346985e+02
2.371224489795918089e+02 9.928163265306121730e+02 5.420204081632653015e+02
2.143673469387755404e+02 1.016448979591836633e+03 5.120612244897959044e+02
1.916122448979592718e+02 1.040081632653061206e+03 4.821020408163266211e+02
1.688571428571428896e+02 1.063714285714285779e+03 4.521428571428572241e+02
1.461020408163265074e+02 1.087346938775510125e+03 4.221836734693878270e+02
1.233469387755102389e+02 1.110979591836734699e+03 3.922244897959184300e+02
1.005918367346939704e+02 1.134612244897959044e+03 3.622653061224490330e+02
7.783673469387758814e+01 1.158244897959183618e+03 3.323061224489796359e+02
5.508163265306120593e+01 1.181877551020408191e+03 3.023469387755102389e+02
3.232653061224493740e+01 1.205510204081632537e+03 2.723877551020408418e+02
9.571428571428668874e+00 1.229142857142857110e+03 2.424285714285715585e+02
-1.318367346938771334e+01 1.252775510204081456e+03 2.124693877551021615e+02
-3.593877551020409555e+01 1.276408163265306030e+03 1.825102040816327644e+02
-5.869387755102036408e+01 1.300040816326530603e+03 1.525510204081633674e+02
-8.144897959183663261e+01 1.323673469387755176e+03 1.225918367346939704e+02
-1.042040816326530148e+02 1.347306122448979522e+03 9.263265306122457332e+01
-1.269591836734693970e+02 1.370938775510203868e+03 6.267346938775517629e+01
-1.497142857142856656e+02 1.394571428571428442e+03 3.271428571428577925e+01
-1.724693877551019341e+02 1.418204081632653015e+03 2.755102040816382214e+00
-1.952244897959183163e+02 1.441836734693877588e+03 -2.720408163265301482e+01
-2.179795918367346985e+02 1.465469387755101934e+03 -5.716326530612241186e+01
-2.407346938775508534e+02 1.489102040816326507e+03 -8.712244897959180889e+01
-2.634897959183672356e+02 1.512734693877550853e+03 -1.170816326530612059e+02
-2.862448979591836178e+02 1.536367346938775427e+03 -1.470408163265306030e+02
-3.090000000000000000e+02 1.560000000000000000e+03 -1.770000000000000000e+02
