-1.535000000000000000e+03 1.735000000000000000e+03 1.496000000000000000e+03
-1.504244897959183618e+03 1.700897959183673493e+03 1.472918367346938794e+03
-1.473489795918367236e+03 1.666795918367346985e+03 1.449836734693877588e+03
-1.442734693877551081e+03 1.632693877551020478e+03 1.426755102040816382e+03
-1.411979591836734699e+03 1.598591836734693970e+03 1.403673469387755176e+03
-1.381224489795918316e+03 1.564489795918367236e+03 1.380591836734693970e+03
-1.350469387755102161e+03 1.530387755102040956e+03 1.357510204081632764e+03
-1.319714285714285779e+03 1.496285714285714221e+03 1.334428571428571558e+03
-1.288959183673469397e+03 1.462183673469387713e+03 1.311346938775510125e+03
-1.258204081632653015e+03 1.428081632653061206e+03 1.288265306122448919e+03
-1.227448979591836633e+03 1.393979591836734699e+03 1.265183673469387713e+03
-1.196693877551020478e+03 1.359877551020408191e+03 1.242102040816326507e+03
-1.165938775510204096e+03 1.325775510204081684e+03 1.219020408163265301e+03
-1.135183673469387713e+03 1.291673469387755176e+03 1.195938775510204096e+03
-1.104428571428571558e+03 1.257571428571428669e+03 1.172857142857142890e+03
-1.073673469387755176e+03 1.223469387755102161e+03 1.149775510204081684e+03
-1.042918367346938794e+03 1.189367346938775427e+03 1.126693877551020478e+03
-1.012163265306122412e+03 1.155265306122449147e+03 1.103612244897959272e+03
-9.814081632653061433e+02 1.121163265306122412e+03 1.080530612244897839e+03
-9.506530612244898748e+02 1.087061224489795904e+03 1.057448979591836633e+03
-9.198979591836734926e+02 1.052959183673469397e+03 1.034367346938775427e+03
-8.891428571428571104e+02 1.018857142857142890e+03 1.011285714285714221e+03
-8.583877551020408418e+02 9.847551020408163822e+02 9.882040816326530148e+02
-8.276326530612245733e+02 9.506530612244898748e+02 9.651224489795918089e+02
-7.968775510204081911e+02 9.165510204081633674e+02 9.420408163265306030e+02
-7.661224489795918089e+02 8.824489795918367463e+02 9.189591836734693970e+02
-7.353673469387755404e+02 8.483469387755102389e+02 8.958775510204081911e+02
-7.046122448979592718e+02 8.142448979591837315e+02 8.727959183673469852e+02
-6.738571428571428896e+02 7.801428571428572241e+02 8.497142857142857792e+02
-6.431020408163265074e+02 7.460408163265307167e+02 8.266326530612244596e+02
-6.123469387755102389e+02 7.119387755102040956e+02 8.035510204081632537e+02
-5.815918367346939704e+02 6.778367346938775881e+02 7.804693877551020478e+02
-5.508367346938775881e+02 6.437346938775510807e+02 7.573877551020408418e+02
-5.200816326530612059e+02 6.096326530612245733e+02 7.343061224489796359e+02
-4.893265306122448237e+02 5.755306122448980659e+02 7.112244897959184300e+02
-4.585714285714286689e+02 5.414285714285715585e+02 6.881428571428572241e+02
-4.278163265306122867e+02 5.073265306122450511e+02 6.650612244897959044e+02
-3.970612244897959044e+02 4.732244897959185437e+02 6.419795918367346985e+02
-3.663061224489797496e+02 4.391224489795918089e+02 6.188979591836734926e+02
-3.355510204081633674e+02 4.050204081632653015e+02 5.958163265306122867e+02
-3.047959183673469852e+02 3.709183673469387941e+02 5.727346938775510807e+02
-2.740408163265306030e+02 3.368163265306122867e+02 5.496530612244898748e+02
-2.432857142857142208e+02 3.027142857142857792e+02 5.265714285714285552e+02
-2.125306122448980659e+02 2.686122448979592718e+02 5.034897959183673493e+02
-1.817755102040816837e+02 2.345102040816327644e+02 4.804081632653061433e+02
-1.510204081632653015e+02 2.004081632653062570e+02 4.573265306122448237e+02
-1.202653061224491466e+02 1.663061224489797496e+02 4.342448979591836178e+02
-8.951020408163276443e+01 1.322040816326532422e+02 4.111632653061224119e+02
-5.875510204081638221e+01 9.810204081632673478e+01 3.880816326530612059e+02
-2.800000000000000000e+01 6.400000000000000000e+01 3.650000000000000000e+02
