-2.880000000000000000e+02 7.170000000000000000e+02 -5.830000000000000000e+02
-2.635714285714285552e+02 7.451020408163265074e+02 -5.570204081632653015e+02
-2.391428571428571388e+02 7.732040816326530148e+02 -5.310408163265306030e+02
-2.147142857142857224e+02 8.013061224489796359e+02 -5.050612244897959044e+02
-1.902857142857142776e+02 8.294081632653061433e+02 -4.790816326530612059e+02
-1.658571428571428612e+02 8.575102040816326507e+02 -4.531020408163265074e+02
-1.414285714285714448e+02 8.856122448979591582e+02 -4.271224489795918089e+02
-1.170000000000000000e+02 9.137142857142857792e+02 -4.011428571428571104e+02
-9.257142857142858361e+01 9.418163265306122867e+02 -3.751632653061224119e+02
-6.814285714285716722e+01 9.699183673469387941e+02 -3.491836734693877133e+02
-4.371428571428572241e+01 9.980204081632653015e+02 -3.232040816326530717e+02
-1.928571428571427759e+01 1.026122448979591809e+03 -2.972244897959183731e+02
5.142857142857110375e+00 1.054224489795918316e+03 -2.712448979591836746e+02
2.957142857142855519e+01 1.082326530612244824e+03 -2.452653061224489761e+02
5.400000000000000000e+01 1.110428571428571558e+03 -2.192857142857142776e+02
7.842857142857138797e+01 1.138530612244898066e+03 -1.933061224489795791e+02
1.028571428571428328e+02 1.166632653061224573e+03 -1.673265306122448806e+02
1.272857142857142776e+02 1.194734693877551081e+03 -1.413469387755101820e+02
1.517142857142856656e+02 1.222836734693877588e+03 -1.153673469387754835e+02
1.761428571428571104e+02 1.250938775510204096e+03 -8.938775510204078500e+01
2.005714285714285552e+02 1.279040816326530603e+03 -6.340816326530614333e+01
2.250000000000000000e+02 1.307142857142857338e+03 -3.742857142857144481e+01
2.494285714285714448e+02 1.335244897959183618e+03 -1.144897959183674629e+01
2.738571428571427759e+02 1.363346938775510353e+03 1.453061224489795222e+01
2.982857142857142208e+02 1.391448979591836633e+03 4.051020408163265074e+01
3.227142857142856656e+02 1.419551020408163367e+03 6.648979591836734926e+01
3.471428571428571104e+02 1.447653061224489875e+03 9.246938775510204778e+01
3.715714285714285552e+02 1.475755102040816382e+03 1.184489795918367463e+02
3.960000000000000000e+02 1.503857142857142890e+03 1.444285714285714448e+02
4.204285714285713311e+02 1.531959183673469397e+03 1.704081632653061433e+02
4.448571428571427759e+02 1.560061224489796132e+03 1.963877551020408418e+02
4.692857142857142208e+02 1.588163265306122412e+03 2.223673469387755404e+02
4.937142857142856656e+02 1.616265306122449147e+03 2.483469387755102389e+02
5.181428571428571104e+02 1.644367346938775427e+03 2.743265306122449374e+02
5.425714285714285552e+02 1.672469387755102161e+03 3.003061224489796359e+02
5.670000000000000000e+02 1.700571428571428669e+03 3.262857142857143344e+02
5.914285714285713311e+02 1.728673469387755176e+03 3.522653061224490330e+02
6.158571428571427759e+02 1.756775510204081684e+03 3.782448979591837315e+02
6.402857142857142208e+02 1.784877551020408191e+03 4.042244897959184300e+02
6.647142857142856656e+02 1.812979591836734699e+03 4.302040816326531285e+02
6.891428571428571104e+02 1.841081632653061206e+03 4.561836734693877133e+02
7.135714285714285552e+02 1.869183673469387713e+03 4.821632653061224119e+02
7.380000000000000000e+02 1.897285714285714448e+03 5.081428571428571104e+02
7.624285714285713311e+02 1.925387755102040956e+03 5.341224489795918089e+02
7.868571428571428896e+02 1.953489795918367463e+03 5.601020408163265074e+02
8.112857142857142208e+02 1.981591836734693970e+03 5.860816326530612059e+02
8.357142857142855519e+02 2.009693877551020478e+03 6.120612244897959044e+02
8.601428571428571104e+02 2.037795918367346985e+03 6.380408163265306030e+02
8.845714285714284415e+02 2.065897959183673265e+03 6.640204081632653015e+02
9.090000000000000000e+02 2.094000000000000000e+03 6.900000000000000000e+02
