-3.950000000000000000e+02 1.830000000000000000e+03 -2.390000000000000000e+02
-3.720816326530612059e+02 1.807959183673469397e+03 -2.105510204081632537e+02
-3.491632653061224687e+02 1.785918367346938794e+03 -1.821020408163265358e+02
-3.262448979591836746e+02 1.763877551020408191e+03 -1.536530612244897895e+02
-3.033265306122448806e+02 1.741836734693877588e+03 -1.252040816326530575e+02
-2.804081632653061433e+02 1.719795918367346985e+03 -9.675510204081632537e+01
-2.574897959183673493e+02 1.697755102040816382e+03 -6.830612244897957908e+01
-2.345714285714285552e+02 1.675714285714285779e+03 -3.985714285714286120e+01
-2.116530612244897895e+02 1.653673469387755176e+03 -1.140816326530611491e+01
-1.887346938775510239e+02 1.631632653061224573e+03 1.704081632653060296e+01
-1.658163265306122298e+02 1.609591836734693970e+03 4.548979591836734926e+01
-1.428979591836734642e+02 1.587551020408163367e+03 7.393877551020409555e+01
-1.199795918367346985e+02 1.565510204081632764e+03 1.023877551020408418e+02
-9.706122448979590445e+01 1.543469387755102161e+03 1.308367346938775881e+02
-7.414285714285711038e+01 1.521428571428571331e+03 1.592857142857142776e+02
-5.122448979591837315e+01 1.499387755102040728e+03 1.877346938775510239e+02
-2.830612244897957908e+01 1.477346938775510125e+03 2.161836734693877702e+02
-5.387755102040785005e+00 1.455306122448979522e+03 2.446326530612245165e+02
1.753061224489795222e+01 1.433265306122448919e+03 2.730816326530612059e+02
4.044897959183674629e+01 1.411224489795918316e+03 3.015306122448979522e+02
6.336734693877554037e+01 1.389183673469387713e+03 3.299795918367346985e+02
8.628571428571427759e+01 1.367142857142857110e+03 3.584285714285714448e+02
1.092040816326530717e+02 1.345102040816326507e+03 3.868775510204081911e+02
1.321224489795918089e+02 1.323061224489795904e+03 4.153265306122449374e+02
1.550408163265306030e+02 1.301020408163265301e+03 4.437755102040816837e+02
1.779591836734693970e+02 1.278979591836734699e+03 4.722244897959184300e+02
2.008775510204081911e+02 1.256938775510204096e+03 5.006734693877551763e+02
2.237959183673469852e+02 1.234897959183673265e+03 5.291224489795918089e+02
2.467142857142857792e+02 1.212857142857142662e+03 5.575714285714285552e+02
2.696326530612244596e+02 1.190816326530612059e+03 5.860204081632653015e+02
2.925510204081632537e+02 1.168775510204081456e+03 6.144693877551020478e+02
3.154693877551020478e+02 1.146734693877550853e+03 6.429183673469387941e+02
3.383877551020408418e+02 1.124693877551020250e+03 6.713673469387755404e+02
3.613061224489796359e+02 1.102653061224489647e+03 6.998163265306122867e+02
3.842244897959184300e+02 1.080612244897959044e+03 7.282653061224490330e+02
4.071428571428572241e+02 1.058571428571428442e+03 7.567142857142857792e+02
4.300612244897959044e+02 1.036530612244897839e+03 7.851632653061224119e+02
4.529795918367346985e+02 1.014489795918367349e+03 8.136122448979592718e+02
4.758979591836734926e+02 9.924489795918366326e+02 8.420612244897959044e+02
4.988163265306122867e+02 9.704081632653060296e+02 8.705102040816327644e+02
5.217346938775510807e+02 9.483673469387754267e+02 8.989591836734693970e+02
5.446530612244898748e+02 9.263265306122448237e+02 9.274081632653062570e+02
5.675714285714285552e+02 9.042857142857142208e+02 9.558571428571428896e+02
5.904897959183673493e+02 8.822448979591836178e+02 9.843061224489795222e+02
6.134081632653061433e+02 8.602040816326530148e+02 1.012755102040816382e+03
6.363265306122448237e+02 8.381632653061224119e+02 1.041204081632653015e+03
6.592448979591836178e+02 8.161224489795918089e+02 1.069653061224489875e+03
6.821632653061224119e+02 7.940816326530612059e+02 1.098102040816326507e+03
7.050816326530612059e+02 7.720408163265306030e+02 1.126551020408163367e+03
7.280000000000000000e+02 7.500000000000000000e+02 1.155000000000000000e+03
