-1.470000000000000000e+02 1.512000000000000000e+03 5.230000000000000000e+02
-1.683877551020408134e+02 1.478897959183673493e+03 5.435510204081632537e+02
-1.897755102040816269e+02 1.445795918367346985e+03 5.641020408163265074e+02
-2.111632653061224687e+02 1.412693877551020478e+03 5.846530612244897611e+02
-2.325510204081632537e+02 1.379591836734693970e+03 6.052040816326530148e+02
-2.539387755102040956e+02 1.346489795918367236e+03 6.257551020408163822e+02
-2.753265306122449374e+02 1.313387755102040956e+03 6.463061224489795222e+02
-2.967142857142857224e+02 1.280285714285714221e+03 6.668571428571428896e+02
-3.181020408163265074e+02 1.247183673469387713e+03 6.874081632653061433e+02
-3.394897959183673493e+02 1.214081632653061206e+03 7.079591836734693970e+02
-3.608775510204081911e+02 1.180979591836734699e+03 7.285102040816326507e+02
-3.822653061224489761e+02 1.147877551020408191e+03 7.490612244897959044e+02
-4.036530612244898180e+02 1.114775510204081684e+03 7.696122448979591582e+02
-4.250408163265306030e+02 1.081673469387755176e+03 7.901632653061224119e+02
-4.464285714285714448e+02 1.048571428571428669e+03 8.107142857142857792e+02
-4.678163265306122298e+02 1.015469387755102048e+03 8.312653061224489193e+02
-4.892040816326530717e+02 9.823673469387755404e+02 8.518163265306122867e+02
-5.105918367346939135e+02 9.492653061224490330e+02 8.723673469387754267e+02
-5.319795918367346985e+02 9.161632653061225255e+02 8.929183673469387941e+02
-5.533673469387755404e+02 8.830612244897959044e+02 9.134693877551020478e+02
-5.747551020408163822e+02 8.499591836734693970e+02 9.340204081632653015e+02
-5.961428571428571104e+02 8.168571428571428896e+02 9.545714285714285552e+02
-6.175306122448979522e+02 7.837551020408163822e+02 9.751224489795918089e+02
-6.389183673469387941e+02 7.506530612244898748e+02 9.956734693877550626e+02
-6.603061224489796359e+02 7.175510204081633674e+02 1.016224489795918316e+03
-6.816938775510204778e+02 6.844489795918367463e+02 1.036775510204081456e+03
-7.030816326530612059e+02 6.513469387755102389e+02 1.057326530612244824e+03
-7.244693877551020478e+02 6.182448979591837315e+02 1.077877551020408191e+03
-7.458571428571428896e+02 5.851428571428572241e+02 1.098428571428571558e+03
-7.672448979591837315e+02 5.520408163265307167e+02 1.118979591836734699e+03
-7.886326530612244596e+02 5.189387755102040956e+02 1.139530612244897839e+03
-8.100204081632653015e+02 4.858367346938775881e+02 1.160081632653061206e+03
-8.314081632653061433e+02 4.527346938775510807e+02 1.180632653061224573e+03
-8.527959183673469852e+02 4.196326530612245733e+02 1.201183673469387713e+03
-8.741836734693878270e+02 3.865306122448980659e+02 1.221734693877550853e+03
-8.955714285714285552e+02 3.534285714285715585e+02 1.242285714285714221e+03
-9.169591836734693970e+02 3.203265306122450511e+02 1.262836734693877588e+03
-9.383469387755102389e+02 2.872244897959185437e+02 1.283387755102040728e+03
-9.597346938775510807e+02 2.541224489795918089e+02 1.303938775510204096e+03
-9.811224489795918089e+02 2.210204081632653015e+02 1.324489795918367236e+03
-1.002510204081632651e+03 1.879183673469387941e+02 1.345040816326530603e+03
-1.023897959183673493e+03 1.548163265306122867e+02 1.365591836734693970e+03
-1.045285714285714221e+03 1.217142857142857792e+02 1.386142857142857110e+03
-1.066673469387755176e+03 8.861224489795927184e+01 1.406693877551020250e+03
-1.088061224489795904e+03 5.551020408163276443e+01 1.427244897959183618e+03
-1.109448979591836633e+03 2.240816326530625702e+01 1.447795918367346985e+03
-1.130836734693877588e+03 -1.069387755102025039e+01 1.468346938775510125e+03
-1.152224489795918544e+03 -4.379591836734675780e+01 1.488897959183673265e+03
-1.173612244897959272e+03 -7.689795918367326522e+01 1.509448979591836633e+03
-1.195000000000000000e+03 -1.100000000000000000e+02 1.530000000000000000e+03
