-2.250000000000000000e+02 7.570000000000000000e+02 1.236000000000000000e+03
-1.985102040816326507e+02 7.831224489795918089e+02 1.215469387755101934e+03
-1.720204081632653015e+02 8.092448979591836178e+02 1.194938775510204096e+03
-1.455306122448979522e+02 8.353673469387755404e+02 1.174408163265306030e+03
-1.190408163265306172e+02 8.614897959183673493e+02 1.153877551020408191e+03
-9.255102040816328213e+01 8.876122448979591582e+02 1.133346938775510125e+03
-6.606122448979593287e+01 9.137346938775510807e+02 1.112816326530612287e+03
-3.957142857142858361e+01 9.398571428571428896e+02 1.092285714285714221e+03
-1.308163265306123435e+01 9.659795918367346985e+02 1.071755102040816382e+03
1.340816326530611491e+01 9.921020408163265074e+02 1.051224489795918316e+03
3.989795918367343575e+01 1.018224489795918316e+03 1.030693877551020478e+03
6.638775510204078500e+01 1.044346938775510353e+03 1.010163265306122412e+03
9.287755102040813426e+01 1.070469387755102161e+03 9.896326530612244596e+02
1.193673469387754835e+02 1.096591836734693970e+03 9.691020408163265074e+02
1.458571428571428328e+02 1.122714285714285779e+03 9.485714285714285552e+02
1.723469387755101820e+02 1.148836734693877588e+03 9.280408163265306030e+02
1.988367346938775313e+02 1.174959183673469397e+03 9.075102040816326507e+02
2.253265306122448806e+02 1.201081632653061206e+03 8.869795918367346985e+02
2.518163265306122298e+02 1.227204081632653015e+03 8.664489795918367463e+02
2.783061224489795791e+02 1.253326530612244824e+03 8.459183673469387941e+02
3.047959183673468715e+02 1.279448979591836633e+03 8.253877551020408418e+02
3.312857142857142208e+02 1.305571428571428442e+03 8.048571428571428896e+02
3.577755102040815700e+02 1.331693877551020478e+03 7.843265306122448237e+02
3.842653061224489193e+02 1.357816326530612287e+03 7.637959183673469852e+02
4.107551020408162685e+02 1.383938775510204096e+03 7.432653061224489193e+02
4.372448979591836178e+02 1.410061224489795904e+03 7.227346938775509670e+02
4.637346938775509670e+02 1.436183673469387713e+03 7.022040816326530148e+02
4.902244897959183163e+02 1.462306122448979750e+03 6.816734693877550626e+02
5.167142857142856656e+02 1.488428571428571558e+03 6.611428571428571104e+02
5.432040816326530148e+02 1.514551020408163367e+03 6.406122448979591582e+02
5.696938775510203641e+02 1.540673469387755176e+03 6.200816326530612059e+02
5.961836734693877133e+02 1.566795918367346985e+03 5.995510204081632537e+02
6.226734693877550626e+02 1.592918367346938794e+03 5.790204081632653015e+02
6.491632653061224119e+02 1.619040816326530603e+03 5.584897959183673493e+02
6.756530612244897611e+02 1.645163265306122412e+03 5.379591836734693970e+02
7.021428571428571104e+02 1.671285714285714221e+03 5.174285714285714448e+02
7.286326530612244596e+02 1.697408163265306030e+03 4.968979591836734926e+02
7.551224489795918089e+02 1.723530612244897839e+03 4.763673469387755404e+02
7.816122448979591582e+02 1.749653061224489875e+03 4.558367346938775881e+02
8.081020408163265074e+02 1.775775510204081684e+03 4.353061224489796359e+02
8.345918367346937430e+02 1.801897959183673493e+03 4.147755102040816837e+02
8.610816326530612059e+02 1.828020408163265301e+03 3.942448979591836178e+02
8.875714285714284415e+02 1.854142857142857110e+03 3.737142857142856656e+02
9.140612244897959044e+02 1.880265306122448919e+03 3.531836734693877133e+02
9.405510204081631400e+02 1.906387755102040956e+03 3.326530612244897611e+02
9.670408163265306030e+02 1.932510204081632764e+03 3.121224489795918089e+02
9.935306122448978385e+02 1.958632653061224573e+03 2.915918367346938567e+02
1.020020408163265301e+03 1.984755102040816382e+03 2.710612244897959044e+02
1.046510204081632537e+03 2.010877551020408191e+03 2.505306122448979522e+02
1.073000000000000000e+03 2.037000000000000000e+03 2.300000000000000000e+02
