-1.534000000000000000e+03 2.870000000000000000e+02 1.290000000000000000e+03
-1.496122448979591809e+03 3.113469387755101820e+02 1.259734693877551081e+03
-1.458244897959183618e+03 3.356938775510204209e+02 1.229469387755101934e+03
-1.420367346938775427e+03 3.600408163265306030e+02 1.199204081632653015e+03
-1.382489795918367236e+03 3.843877551020408418e+02 1.168938775510204096e+03
-1.344612244897959272e+03 4.087346938775510239e+02 1.138673469387755176e+03
-1.306734693877551081e+03 4.330816326530612059e+02 1.108408163265306030e+03
-1.268857142857142890e+03 4.574285714285714448e+02 1.078142857142857110e+03
-1.230979591836734699e+03 4.817755102040816269e+02 1.047877551020408191e+03
-1.193102040816326507e+03 5.061224489795918089e+02 1.017612244897959158e+03
-1.155224489795918316e+03 5.304693877551020478e+02 9.873469387755101252e+02
-1.117346938775510353e+03 5.548163265306122867e+02 9.570816326530612059e+02
-1.079469387755102161e+03 5.791632653061224119e+02 9.268163265306122867e+02
-1.041591836734693970e+03 6.035102040816326507e+02 8.965510204081632537e+02
-1.003714285714285779e+03 6.278571428571428896e+02 8.662857142857142208e+02
-9.658367346938775881e+02 6.522040816326530148e+02 8.360204081632653015e+02
-9.279591836734693970e+02 6.765510204081632537e+02 8.057551020408163822e+02
-8.900816326530612059e+02 7.008979591836734926e+02 7.754897959183673493e+02
-8.522040816326530148e+02 7.252448979591836178e+02 7.452244897959183163e+02
-8.143265306122449374e+02 7.495918367346938567e+02 7.149591836734693970e+02
-7.764489795918367463e+02 7.739387755102040956e+02 6.846938775510203641e+02
-7.385714285714285552e+02 7.982857142857142208e+02 6.544285714285714448e+02
-7.006938775510204778e+02 8.226326530612244596e+02 6.241632653061224119e+02
-6.628163265306122867e+02 8.469795918367346985e+02 5.938979591836734926e+02
-6.249387755102040956e+02 8.713265306122448237e+02 5.636326530612244596e+02
-5.870612244897959044e+02 8.956734693877550626e+02 5.333673469387755404e+02
-5.491836734693877133e+02 9.200204081632653015e+02 5.031020408163265074e+02
-5.113061224489796359e+02 9.443673469387755404e+02 4.728367346938775881e+02
-4.734285714285715585e+02 9.687142857142856656e+02 4.425714285714285552e+02
-4.355510204081633674e+02 9.930612244897959044e+02 4.123061224489796359e+02
-3.976734693877551763e+02 1.017408163265306143e+03 3.820408163265306030e+02
-3.597959183673469852e+02 1.041755102040816382e+03 3.517755102040816837e+02
-3.219183673469387941e+02 1.066102040816326507e+03 3.215102040816326507e+02
-2.840408163265306030e+02 1.090448979591836633e+03 2.912448979591836178e+02
-2.461632653061224119e+02 1.114795918367346985e+03 2.609795918367346985e+02
-2.082857142857142208e+02 1.139142857142857110e+03 2.307142857142857792e+02
-1.704081632653060296e+02 1.163489795918367236e+03 2.004489795918366326e+02
-1.325306122448980659e+02 1.187836734693877588e+03 1.701836734693877133e+02
-9.465306122448987480e+01 1.212183673469387713e+03 1.399183673469387941e+02
-5.677551020408168370e+01 1.236530612244897839e+03 1.096530612244898748e+02
-1.889795918367349259e+01 1.260877551020408191e+03 7.938775510204072816e+01
1.897959183673469852e+01 1.285224489795918316e+03 4.912244897959180889e+01
5.685714285714288962e+01 1.309571428571428442e+03 1.885714285714288962e+01
9.473469387755108073e+01 1.333918367346938794e+03 -1.140816326530602964e+01
1.326122448979590445e+02 1.358265306122448919e+03 -4.167346938775517629e+01
1.704897959183672356e+02 1.382612244897959044e+03 -7.193877551020409555e+01
2.083673469387754267e+02 1.406959183673469397e+03 -1.022040816326530148e+02
2.462448979591836178e+02 1.431306122448979522e+03 -1.324693877551019341e+02
2.841224489795918089e+02 1.455653061224489647e+03 -1.627346938775510807e+02
3.220000000000000000e+02 1.480000000000000000e+03 -1.930000000000000000e+02
