-3.730000000000000000e+02 1.145000000000000000e+03 5.470000000000000000e+02
-3.976326530612244596e+02 1.122204081632653015e+03 5.700816326530612059e+02
-4.222653061224489761e+02 1.099408163265306030e+03 5.931632653061224119e+02
-4.468979591836734926e+02 1.076612244897959272e+03 6.162448979591836178e+02
-4.715306122448979522e+02 1.053816326530612287e+03 6.393265306122449374e+02
-4.961632653061224119e+02 1.031020408163265301e+03 6.624081632653061433e+02
-5.207959183673469852e+02 1.008224489795918316e+03 6.854897959183673493e+02
-5.454285714285714448e+02 9.854285714285714448e+02 7.085714285714285552e+02
-5.700612244897959044e+02 9.626326530612244596e+02 7.316530612244897611e+02
-5.946938775510203641e+02 9.398367346938775881e+02 7.547346938775510807e+02
-6.193265306122448237e+02 9.170408163265306030e+02 7.778163265306122867e+02
-6.439591836734693970e+02 8.942448979591836178e+02 8.008979591836734926e+02
-6.685918367346938567e+02 8.714489795918367463e+02 8.239795918367346985e+02
-6.932244897959183163e+02 8.486530612244898748e+02 8.470612244897959044e+02
-7.178571428571428896e+02 8.258571428571428896e+02 8.701428571428571104e+02
-7.424897959183673493e+02 8.030612244897959044e+02 8.932244897959183163e+02
-7.671224489795918089e+02 7.802653061224489193e+02 9.163061224489795222e+02
-7.917551020408162685e+02 7.574693877551020478e+02 9.393877551020407282e+02
-8.163877551020407282e+02 7.346734693877551763e+02 9.624693877551020478e+02
-8.410204081632653015e+02 7.118775510204081911e+02 9.855510204081632537e+02
-8.656530612244897611e+02 6.890816326530612059e+02 1.008632653061224460e+03
-8.902857142857142208e+02 6.662857142857142208e+02 1.031714285714285779e+03
-9.149183673469387941e+02 6.434897959183673493e+02 1.054795918367346985e+03
-9.395510204081632537e+02 6.206938775510203641e+02 1.077877551020408191e+03
-9.641836734693877133e+02 5.978979591836734926e+02 1.100959183673469397e+03
-9.888163265306121730e+02 5.751020408163265074e+02 1.124040816326530603e+03
-1.013448979591836633e+03 5.523061224489796359e+02 1.147122448979591809e+03
-1.038081632653061206e+03 5.295102040816326507e+02 1.170204081632653015e+03
-1.062714285714285779e+03 5.067142857142856656e+02 1.193285714285714221e+03
-1.087346938775510125e+03 4.839183673469387941e+02 1.216367346938775427e+03
-1.111979591836734699e+03 4.611224489795918089e+02 1.239448979591836633e+03
-1.136612244897959044e+03 4.383265306122449374e+02 1.262530612244897839e+03
-1.161244897959183618e+03 4.155306122448979522e+02 1.285612244897959044e+03
-1.185877551020408191e+03 3.927346938775509670e+02 1.308693877551020250e+03
-1.210510204081632537e+03 3.699387755102040956e+02 1.331775510204081456e+03
-1.235142857142857110e+03 3.471428571428571104e+02 1.354857142857142662e+03
-1.259775510204081456e+03 3.243469387755102389e+02 1.377938775510204096e+03
-1.284408163265306030e+03 3.015510204081632537e+02 1.401020408163265301e+03
-1.309040816326530603e+03 2.787551020408162685e+02 1.424102040816326507e+03
-1.333673469387755176e+03 2.559591836734693970e+02 1.447183673469387713e+03
-1.358306122448979522e+03 2.331632653061224119e+02 1.470265306122448919e+03
-1.382938775510203868e+03 2.103673469387755404e+02 1.493346938775510125e+03
-1.407571428571428442e+03 1.875714285714285552e+02 1.516428571428571558e+03
-1.432204081632653015e+03 1.647755102040815700e+02 1.539510204081632764e+03
-1.456836734693877588e+03 1.419795918367346985e+02 1.562591836734693970e+03
-1.481469387755101934e+03 1.191836734693877133e+02 1.585673469387755176e+03
-1.506102040816326507e+03 9.638775510204072816e+01 1.608755102040816382e+03
-1.530734693877550853e+03 7.359183673469397036e+01 1.631836734693877588e+03
-1.555367346938775427e+03 5.079591836734698518e+01 1.654918367346938794e+03
-1.580000000000000000e+03 2.800000000000000000e+01 1.678000000000000000e+03
