-7.000000000000000000e+01 9.210000000000000000e+02 4.300000000000000000e+01
-9.920408163265305745e+01 8.999591836734693970e+02 7.532653061224489477e+01
-1.284081632653061149e+02 8.789183673469387941e+02 1.076530612244897895e+02
-1.576122448979591866e+02 8.578775510204081911e+02 1.399795918367346985e+02
-1.868163265306122298e+02 8.368367346938775881e+02 1.723061224489795791e+02
-2.160204081632653015e+02 8.157959183673469852e+02 2.046326530612244596e+02
-2.452244897959183731e+02 7.947551020408163822e+02 2.369591836734693686e+02
-2.744285714285714448e+02 7.737142857142856656e+02 2.692857142857142776e+02
-3.036326530612244596e+02 7.526734693877550626e+02 3.016122448979591582e+02
-3.328367346938775313e+02 7.316326530612244596e+02 3.339387755102040387e+02
-3.620408163265306030e+02 7.105918367346938567e+02 3.662653061224489193e+02
-3.912448979591836746e+02 6.895510204081632537e+02 3.985918367346938567e+02
-4.204489795918367463e+02 6.685102040816326507e+02 4.309183673469387372e+02
-4.496530612244898180e+02 6.474693877551020478e+02 4.632448979591836178e+02
-4.788571428571428328e+02 6.264285714285713311e+02 4.955714285714285552e+02
-5.080612244897959044e+02 6.053877551020407282e+02 5.278979591836734926e+02
-5.372653061224489193e+02 5.843469387755101252e+02 5.602244897959183163e+02
-5.664693877551020478e+02 5.633061224489795222e+02 5.925510204081632537e+02
-5.956734693877550626e+02 5.422653061224489193e+02 6.248775510204080774e+02
-6.248775510204081911e+02 5.212244897959183163e+02 6.572040816326530148e+02
-6.540816326530612059e+02 5.001836734693877133e+02 6.895306122448978385e+02
-6.832857142857143344e+02 4.791428571428571104e+02 7.218571428571427759e+02
-7.124897959183673493e+02 4.581020408163265074e+02 7.541836734693877133e+02
-7.416938775510203641e+02 4.370612244897959044e+02 7.865102040816325371e+02
-7.708979591836734926e+02 4.160204081632653015e+02 8.188367346938774745e+02
-8.001020408163265074e+02 3.949795918367346985e+02 8.511632653061224119e+02
-8.293061224489796359e+02 3.739387755102040956e+02 8.834897959183672356e+02
-8.585102040816326507e+02 3.528979591836733789e+02 9.158163265306121730e+02
-8.877142857142856656e+02 3.318571428571427759e+02 9.481428571428571104e+02
-9.169183673469387941e+02 3.108163265306121730e+02 9.804693877551019341e+02
-9.461224489795918089e+02 2.897755102040815700e+02 1.012795918367346871e+03
-9.753265306122449374e+02 2.687346938775509670e+02 1.045122448979591809e+03
-1.004530612244897952e+03 2.476938775510203641e+02 1.077448979591836633e+03
-1.033734693877550853e+03 2.266530612244897611e+02 1.109775510204081456e+03
-1.062938775510204096e+03 2.056122448979591582e+02 1.142102040816326507e+03
-1.092142857142857110e+03 1.845714285714285552e+02 1.174428571428571331e+03
-1.121346938775510125e+03 1.635306122448979522e+02 1.206755102040816155e+03
-1.150551020408163367e+03 1.424897959183673493e+02 1.239081632653061206e+03
-1.179755102040816382e+03 1.214489795918366326e+02 1.271408163265306030e+03
-1.208959183673469397e+03 1.004081632653060296e+02 1.303734693877550853e+03
-1.238163265306122412e+03 7.936734693877542668e+01 1.336061224489795677e+03
-1.267367346938775427e+03 5.832653061224482371e+01 1.368387755102040728e+03
-1.296571428571428669e+03 3.728571428571422075e+01 1.400714285714285552e+03
-1.325775510204081684e+03 1.624489795918361779e+01 1.433040816326530376e+03
-1.354979591836734699e+03 -4.795918367346985178e+00 1.465367346938775427e+03
-1.384183673469387713e+03 -2.583673469387758814e+01 1.497693877551020250e+03
-1.413387755102040728e+03 -4.687755102040819111e+01 1.530020408163265074e+03
-1.442591836734693970e+03 -6.791836734693879407e+01 1.562346938775510125e+03
-1.471795918367346985e+03 -8.895918367346939704e+01 1.594673469387754949e+03
-1.501000000000000000e+03 -1.100000000000000000e+02 1.627000000000000000e+03
