-1.198000000000000000e+03 -5.300000000000000000e+01 4.700000000000000000e+02
-1.173469387755101934e+03 -1.675510204081632537e+01 4.938775510204081911e+02
-1.148938775510204096e+03 1.948979591836734926e+01 5.177551020408163822e+02
-1.124408163265306030e+03 5.573469387755102389e+01 5.416326530612244596e+02
-1.099877551020408191e+03 9.197959183673469852e+01 5.655102040816326507e+02
-1.075346938775510125e+03 1.282244897959183731e+02 5.893877551020408418e+02
-1.050816326530612287e+03 1.644693877551020478e+02 6.132653061224489193e+02
-1.026285714285714221e+03 2.007142857142857224e+02 6.371428571428571104e+02
-1.001755102040816382e+03 2.369591836734693970e+02 6.610204081632653015e+02
-9.772244897959183163e+02 2.732040816326530717e+02 6.848979591836734926e+02
-9.526938775510204778e+02 3.094489795918367463e+02 7.087755102040816837e+02
-9.281632653061224119e+02 3.456938775510204209e+02 7.326530612244897611e+02
-9.036326530612244596e+02 3.819387755102040956e+02 7.565306122448979522e+02
-8.791020408163265074e+02 4.181836734693877702e+02 7.804081632653061433e+02
-8.545714285714285552e+02 4.544285714285714448e+02 8.042857142857142208e+02
-8.300408163265306030e+02 4.906734693877551763e+02 8.281632653061224119e+02
-8.055102040816326507e+02 5.269183673469387941e+02 8.520408163265306030e+02
-7.809795918367346985e+02 5.631632653061224119e+02 8.759183673469387941e+02
-7.564489795918367463e+02 5.994081632653061433e+02 8.997959183673469852e+02
-7.319183673469387941e+02 6.356530612244898748e+02 9.236734693877550626e+02
-7.073877551020408418e+02 6.718979591836734926e+02 9.475510204081632537e+02
-6.828571428571428896e+02 7.081428571428571104e+02 9.714285714285714448e+02
-6.583265306122449374e+02 7.443877551020408418e+02 9.953061224489795222e+02
-6.337959183673469852e+02 7.806326530612245733e+02 1.019183673469387713e+03
-6.092653061224489193e+02 8.168775510204081911e+02 1.043061224489795904e+03
-5.847346938775509670e+02 8.531224489795918089e+02 1.066938775510204096e+03
-5.602040816326530148e+02 8.893673469387755404e+02 1.090816326530612287e+03
-5.356734693877550626e+02 9.256122448979592718e+02 1.114693877551020250e+03
-5.111428571428571104e+02 9.618571428571428896e+02 1.138571428571428442e+03
-4.866122448979591582e+02 9.981020408163265074e+02 1.162448979591836633e+03
-4.620816326530612059e+02 1.034346938775510353e+03 1.186326530612244824e+03
-4.375510204081632537e+02 1.070591836734693970e+03 1.210204081632653015e+03
-4.130204081632653015e+02 1.106836734693877588e+03 1.234081632653061206e+03
-3.884897959183673493e+02 1.143081632653061206e+03 1.257959183673469397e+03
-3.639591836734693970e+02 1.179326530612244824e+03 1.281836734693877588e+03
-3.394285714285714448e+02 1.215571428571428669e+03 1.305714285714285779e+03
-3.148979591836734926e+02 1.251816326530612287e+03 1.329591836734693970e+03
-2.903673469387755404e+02 1.288061224489795904e+03 1.353469387755102161e+03
-2.658367346938775881e+02 1.324306122448979750e+03 1.377346938775510125e+03
-2.413061224489796359e+02 1.360551020408163367e+03 1.401224489795918316e+03
-2.167755102040816837e+02 1.396795918367346985e+03 1.425102040816326507e+03
-1.922448979591836178e+02 1.433040816326530603e+03 1.448979591836734699e+03
-1.677142857142857792e+02 1.469285714285714221e+03 1.472857142857142890e+03
-1.431836734693877133e+02 1.505530612244898066e+03 1.496734693877551081e+03
-1.186530612244898748e+02 1.541775510204081684e+03 1.520612244897959044e+03
-9.412244897959180889e+01 1.578020408163265301e+03 1.544489795918367236e+03
-6.959183673469397036e+01 1.614265306122449147e+03 1.568367346938775427e+03
-4.506122448979590445e+01 1.650510204081632764e+03 1.592244897959183618e+03
-2.053061224489783854e+01 1.686755102040816382e+03 1.616122448979591809e+03
4.000000000000000000e+00 1.723000000000000000e+03 1.640000000000000000e+03
