1.484000000000000000e+03 2.257000000000000000e+03 -6.520000000000000000e+02
1.454408163265306030e+03 2.232755102040816382e+03 -6.168775510204081911e+02
1.424816326530612287e+03 2.208510204081632764e+03 -5.817551020408163822e+02
1.395224489795918316e+03 2.184265306122449147e+03 -5.466326530612244596e+02
1.365632653061224573e+03 2.160020408163265529e+03 -5.115102040816326507e+02
1.336040816326530603e+03 2.135775510204081456e+03 -4.763877551020408418e+02
1.306448979591836633e+03 2.111530612244897839e+03 -4.412653061224489761e+02
1.276857142857142890e+03 2.087285714285714221e+03 -4.061428571428571104e+02
1.247265306122448919e+03 2.063040816326530603e+03 -3.710204081632653015e+02
1.217673469387755176e+03 2.038795918367346985e+03 -3.358979591836734926e+02
1.188081632653061206e+03 2.014551020408163367e+03 -3.007755102040816269e+02
1.158489795918367236e+03 1.990306122448979522e+03 -2.656530612244897611e+02
1.128897959183673493e+03 1.966061224489795904e+03 -2.305306122448979522e+02
1.099306122448979522e+03 1.941816326530612287e+03 -1.954081632653061433e+02
1.069714285714285779e+03 1.917571428571428442e+03 -1.602857142857142776e+02
1.040122448979591809e+03 1.893326530612244824e+03 -1.251632653061224119e+02
1.010530612244897952e+03 1.869081632653061206e+03 -9.004081632653060296e+01
9.809387755102040956e+02 1.844836734693877588e+03 -5.491836734693879407e+01
9.513469387755102389e+02 1.820591836734693970e+03 -1.979591836734698518e+01
9.217551020408162685e+02 1.796346938775510125e+03 1.532653061224493740e+01
8.921632653061224119e+02 1.772102040816326507e+03 5.044897959183674629e+01
8.625714285714285552e+02 1.747857142857142890e+03 8.557142857142855519e+01
8.329795918367346985e+02 1.723612244897959044e+03 1.206938775510204778e+02
8.033877551020408418e+02 1.699367346938775427e+03 1.558163265306122867e+02
7.737959183673469852e+02 1.675122448979591809e+03 1.909387755102040956e+02
7.442040816326530148e+02 1.650877551020408191e+03 2.260612244897959044e+02
7.146122448979591582e+02 1.626632653061224573e+03 2.611836734693877133e+02
6.850204081632653015e+02 1.602387755102040728e+03 2.963061224489796359e+02
6.554285714285714448e+02 1.578142857142857110e+03 3.314285714285714448e+02
6.258367346938775881e+02 1.553897959183673493e+03 3.665510204081632537e+02
5.962448979591836178e+02 1.529653061224489647e+03 4.016734693877551763e+02
5.666530612244897611e+02 1.505408163265306030e+03 4.367959183673469852e+02
5.370612244897959044e+02 1.481163265306122412e+03 4.719183673469387941e+02
5.074693877551020478e+02 1.456918367346938794e+03 5.070408163265306030e+02
4.778775510204081911e+02 1.432673469387755176e+03 5.421632653061224119e+02
4.482857142857142208e+02 1.408428571428571331e+03 5.772857142857142208e+02
4.186938775510204778e+02 1.384183673469387713e+03 6.124081632653060296e+02
3.891020408163265074e+02 1.359938775510204096e+03 6.475306122448980659e+02
3.595102040816325371e+02 1.335693877551020250e+03 6.826530612244898748e+02
3.299183673469387941e+02 1.311448979591836633e+03 7.177755102040816837e+02
3.003265306122448237e+02 1.287204081632653015e+03 7.528979591836734926e+02
2.707346938775510807e+02 1.262959183673469397e+03 7.880204081632653015e+02
2.411428571428571104e+02 1.238714285714285779e+03 8.231428571428571104e+02
2.115510204081631400e+02 1.214469387755101934e+03 8.582653061224489193e+02
1.819591836734693970e+02 1.190224489795918316e+03 8.933877551020409555e+02
1.523673469387754267e+02 1.165979591836734699e+03 9.285102040816327644e+02
1.227755102040816837e+02 1.141734693877550853e+03 9.636326530612245733e+02
9.318367346938771334e+01 1.117489795918367236e+03 9.987551020408163822e+02
6.359183673469397036e+01 1.093244897959183618e+03 1.033877551020408191e+03
3.400000000000000000e+01 1.069000000000000000e+03 1.069000000000000000e+03
